-0.0040748506	
-0.0045789	
-0.0071530514	
-0.0070348396	
-0.0037587164	
-0.0051428727	
-0.007167037	
-0.0050944868	
-0.004554641	
-0.0067457613	
-0.006520963	
-0.0043532858	
-0.0047725434	
-0.0070751132	
-0.0073707593	
-0.004825777	
-0.0034951405	
-0.0066340575	
-0.007442038	
-0.004543961	
-0.003616149	
-0.0072087455	
-0.0075862193	
-0.003951232	
-0.0043551335	
-0.006926475	
-0.0072961976	
-0.004815698	
-0.0045751967	
-0.0060108704	
-0.006931108	
-0.0049541034	
-0.004536539	
-0.0070171664	
-0.006423787	
-0.004531846	
-0.0065963524	
-0.006951579	
-0.0048849606	
-0.006024253	
-0.006442605	
-0.005923957	
-0.00459056	
-0.006537783	
-0.007987441	
-0.0037883157	
-0.0033766779	
-0.0074165883	
-0.007286744	
-0.004483907	
-0.005070149	
-0.0070205447	
-0.0066893115	
-0.003943963	
-0.0047052577	
-0.007926687	
-0.0070453584	
-0.0036222304	
-0.0040389346	
-0.0072854264	
-0.0075373175	
-0.0043349853	
-0.004273103	
-0.0058091003	
-0.007300186	
-0.007143836	
-0.004697029	
-0.0048238477	
-0.0051024174	
-0.0062212804	
-0.007932918	
-0.0052012936	
-0.0034037165	
-0.006033879	
-0.0077295895	
-0.005190657	
-0.0038304005	
-0.0062495377	
-0.007855556	
-0.0047785207	
-0.003710663	
-0.0065568583	
-0.0074346396	
-0.0045369924	
-0.003902385	
-0.006857777	
-0.0074506016	
-0.0046719583	
-0.0039557666	
-0.007101582	
-0.007158101	
-0.0051331217	
-0.0041070916	
-0.0043697716	
-0.0074674883	
-0.007340476	
-0.0039531724	
-0.004350325	
-0.0071503334	
-0.0073624114	
-0.0047624903	
-0.0043755453	
-0.008066176	
-0.0064895432	
-0.0034670224	
-0.0045783054	
-0.0076164827	
-0.0068300557	
-0.0040264595	
-0.0051063946	
-0.007730167	
-0.00650001	
-0.0031794873	
-0.0044555077	
-0.008466896	
-0.0075035444	
-0.0032526609	
-0.0040159435	
-0.007919385	
-0.0076054186	
-0.0043432093	
-0.0035489993	
-0.0067555415	
-0.0069948416	
-0.004766183	
-0.004429257	
-0.006915708	
-0.0064214654	
-0.004673522	
-0.005096251	
-0.007144334	
-0.006113947	
-0.0047106864	
-0.005149568	
-0.0071673123	
-0.0059384145	
-0.0043150173	
-0.0053750984	
-0.0070594	
-0.00537568	
-0.004554096	
-0.0069748512	
-0.0070053134	
-0.0040049986	
-0.00459572	
-0.006762758	
-0.0068507204	
-0.0050589666	
-0.0042825863	
-0.007490459	
-0.0066865096	
-0.0036309485	
-0.0062811626	
-0.0076102107	
-0.005383663	
-0.003299754	
-0.0060463552	
-0.008107326	
-0.005843039	
-0.0034479867	
-0.005523991	
-0.0079978295	
-0.0061924495	
-0.0038829658	
-0.00531499	
-0.007336867	
-0.007075567	
-0.0030908945	
-0.0037761296	
-0.006663891	
-0.007728829	
-0.005874369	
-0.004556987	
-0.005774601	
-0.006969547	
-0.0067775035	
-0.0056253267	
-0.004460796	
-0.0051126243	
-0.0064391913	
-0.0070311874	
-0.005530503	
-0.004451982	
-0.005856632	
-0.0071559623	
-0.0053664106	
-0.004042133	
-0.0063281558	
-0.007226552	
-0.0049142414	
-0.003988732	
-0.0071979607	
-0.0074881176	
-0.004597339	
-0.003502435	
-0.0071776602	
-0.007558341	
-0.004007745	
-0.003892369	
-0.0072729615	
-0.0074774255	
-0.004023121	
-0.004002988	
-0.007180777	
-0.007353234	
-0.004094247	
-0.003975973	
-0.007389358	
-0.007339391	
-0.003965656	
-0.004183174	
-0.007617552	
-0.007411322	
-0.0037024838	
-0.0038489609	
-0.0077903653	
-0.0073594833	
-0.004254054	
-0.0038229912	
-0.0075511886	
-0.0072911596	
-0.003852034	
-0.0040802574	
-0.007486593	
-0.007248481	
-0.004654741	
-0.0038307046	
-0.008412754	
-0.00654696	
-0.0029445852	
-0.004470877	
-0.008394256	
-0.006551265	
-0.0029513957	
-0.0048069083	
-0.008487455	
-0.006418358	
-0.0031541807	
-0.004560992	
-0.008309517	
-0.0066710254	
-0.003244576	
-0.0044200425	
-0.008390855	
-0.0073561207	
-0.0031238208	
-0.003952209	
-0.0077215116	
-0.0074976184	
-0.00390773	
-0.004200691	
-0.0073709837	
-0.00750393	
-0.0040960973	
-0.0043530217	
-0.0076805335	
-0.0066394266	
-0.003228556	
-0.005166886	
-0.008037923	
-0.006421608	
-0.0030861984	
-0.004523675	
-0.008173374	
-0.0071599763	
-0.003289983	
-0.006350277	
-0.007823808	
-0.0046539516	
-0.0035621333	
-0.0069875577	
-0.0073553366	
-0.0051437546	
-0.004052174	
-0.0064766263	
-0.007966248	
-0.004727947	
-0.0034180991	
-0.006714347	
-0.008022576	
-0.0049292655	
-0.0032477132	
-0.006481132	
-0.00820799	
-0.0050836187	
-0.002946468	
-0.0062857415	
-0.008049672	
-0.0056310804	
-0.003677231	
-0.006349957	
-0.007003034	
-0.005035164	
-0.0041361735	
-0.006725452	
-0.008418949	
-0.004707325	
-0.003161928	
-0.005817565	
-0.0077023376	
-0.0062421383	
-0.0045718453	
-0.0047891373	
-0.006831827	
-0.006281495	
-0.00448072	
-0.0049669575	
-0.007330483	
-0.006493823	
-0.004290536	
-0.0047778846	
-0.0073645823	
-0.0068991715	
-0.004334957	
-0.0046799183	
-0.0071776696	
-0.006843515	
-0.004278172	
-0.004201315	
-0.0071811546	
-0.0070699444	
-0.0043166904	
-0.004785076	
-0.007466435	
-0.0062534087	
-0.003719209	
-0.0053540305	
-0.008027257	
-0.0062149996	
-0.0029550504	
-0.0050911317	
-0.0082795955	
-0.0068805492	
-0.0037989551	
-0.0055269985	
-0.008435782	
-0.0056581046	
-0.002936579	
-0.0048166267	
-0.007821782	
-0.006697626	
-0.0040129046	
-0.004173457	
-0.007230457	
-0.0070576295	
-0.0042386735	
-0.0045709196	
-0.0073672007	
-0.006477719	
-0.003744849	
-0.00503359	
-0.0079458365	
-0.006896397	
-0.004932065	
-0.0038307484	
-0.006865366	
-0.006988117	
-0.0053955344	
-0.0059272954	
-0.0068233763	
-0.004242146	
-0.0049825767	
-0.006936222	
-0.006678232	
-0.004037958	
-0.0050949254	
-0.007459241	
-0.006036945	
-0.0035310457	
-0.004919192	
-0.008041124	
-0.0068156994	
-0.0036195072	
-0.004288155	
-0.007504194	
-0.006299801	
-0.0041947025	
-0.0061735497	
-0.0071649486	
-0.004750302	
-0.0045802	
-0.0071730856	
-0.006725845	
-0.004210876	
-0.00423397	
-0.007478297	
-0.0071136393	
-0.003970153	
-0.0043295044	
-0.0067834985	
-0.00706035	
-0.003799868	
-0.0045588254	
-0.007420044	
-0.0066619404	
-0.0053476496	
-0.004402635	
-0.005962479	
-0.0071724276	
-0.0053950595	
-0.0044125933	
-0.0055156383	
-0.005756887	
-0.009171306	
-0.0058871266	
-0.0028017655	
-0.0042669475	
-0.008015518	
-0.006852258	
-0.0035473853	
-0.0040861643	
-0.007221679	
-0.0075390562	
-0.0045471094	
-0.0035941207	
-0.006863927	
-0.0075934352	
-0.005836019	
-0.0029676678	
-0.004879519	
-0.007713951	
-0.005417639	
-0.004788094	
-0.00685102	
-0.0068675196	
-0.0045983004	
-0.0060980557	
-0.006816947	
-0.0058749705	
-0.0047637066	
-0.005733807	
-0.0066278926	
-0.0058426037	
-0.004769418	
-0.005844472	
-0.0068909586	
-0.005524805	
-0.005086673	
-0.0056565013	
-0.0063322163	
-0.0052996567	
-0.0048595974	
-0.0064719436	
-0.006801184	
-0.005227376	
-0.004129432	
-0.0063660955	
-0.0076315524	
-0.0053115124	
-0.003753286	
-0.006538512	
-0.0073837163	
-0.009652181	
-0.0043848823	
-0.006382539	
-0.007013717	
-0.005175262	
-0.004153612	
-0.0060808156	
-0.007168237	
-0.005320942	
-0.0044420594	
-0.006116908	
-0.0072873672	
-0.0054210112	
-0.0042756214	
-0.006222726	
-0.007455324	
-0.005491628	
-0.0037491054	
-0.006244951	
-0.007188872	
-0.0052001574	
-0.004083132	
-0.006141665	
-0.0072584064	
-0.005553513	
-0.004717945	
-0.0072386432	
-0.0057217013	
-0.003742665	
-0.005529784	
-0.007667525	
-0.0055003124	
-0.004425626	
-0.005817808	
-0.007373151	
-0.005508909	
-0.0039286567	
-0.0063441927	
-0.007449906	
-0.0051198867	
-0.0036336496	
-0.006437141	
-0.008121174	
-0.0051411972	
-0.003140226	
-0.0062276786	
-0.0070562456	
-0.0054916986	
-0.0053513683	
-0.0062028826	
-0.009155178	
-0.0035330623	
-0.004176094	
-0.00816966	
-0.0075559895	
-0.0036503414	
-0.0033578542	
-0.007912275	
-0.0078102625	
-0.0035821032	
-0.0034222356	
-0.0077613313	
-0.007677966	
-0.0038935947	
-0.0037388818	
-0.007486462	
-0.007507416	
-0.0044065285	
-0.0040237904	
-0.007064604	
-0.005807308	
-0.0039240834	
-0.006172071	
-0.007706887	
-0.0048775496	
-0.003382312	
-0.00702894	
-0.0075160656	
-0.0044912426	
-0.0036450508	
-0.0065861624	
-0.007678942	
-0.0052144765	
-0.003453222	
-0.0064473287	
-0.0077544297	
-0.005326973	
-0.003507843	
-0.0062561897	
-0.008473716	
-0.0048779217	
-0.0026961425	
-0.0058892407	
-0.008398277	
-0.009114042	
-0.0034003046	
-0.0020181076	
-0.00695169	
-0.009049952	
-0.0040220087	
-0.0026751957	
-0.007137252	
-0.008361379	
-0.004220747	
-0.0029681877	
-0.0076429145	
-0.008050269	
-0.003757544	
-0.0031453734	
-0.0074594244	
-0.008036851	
-0.0042823106	
-0.0037205692	
-0.0069329026	
-0.0076815677	
-0.004859965	
-0.0043742675	
-0.0066208923	
-0.0073595718	
-0.004414796	
-0.004330114	
-0.00696297	
-0.007199183	
-0.004219662	
-0.004011174	
-0.0071836985	
-0.0074159615	
-0.0043065515	
-0.00376709	
-0.0071772938	
-0.0077227047	
-0.004459977	
-0.003697744	
-0.006907583	
-0.007383047	
-0.004633327	
-0.004257907	
-0.006830789	
-0.007461618	
-0.0041401074	
-0.0041482467	
-0.007831083	
-0.007291337	
-0.0032961392	
-0.0041956077	
-0.007866223	
-0.007608396	
-0.0041077165	
-0.0037726976	
-0.007392412	
-0.007351159	
-0.0036492324	
-0.0051712967	
-0.0069758105	
-0.0062655243	
-0.0044338135	
-0.005411751	
-0.0068241647	
-0.0060349023	
-0.00467516	
-0.00595361	
-0.0067210104	
-0.00559611	
-0.004564606	
-0.00617982	
-0.0069905887	
-0.005302868	
-0.0038755017	
-0.0056587392	
-0.007963048	
-0.0056201895	
-0.003889475	
-0.005569862	
-0.007365478	
-0.0059418613	
-0.0044078263	
-0.005640535	
-0.007217749	
-0.0056434195	
-0.004552993	
-0.00594947	
-0.0072776335	
-0.005373272	
-0.0041325986	
-0.0065466543	
-0.0072253705	
-0.0042481795	
-0.004036892	
-0.0076649734	
-0.0074091377	
-0.00594907	
-0.0044886884	
-0.0058405125	
-0.00810763	
-0.0048917355	
-0.004411858	
-0.0064843	
-0.0067504738	
-0.004933226	
-0.0050500543	
-0.006371781	
-0.0050400323	
-0.007183955	
-0.0066913	
-0.0058658323	
-0.0042658127	
-0.0047182254	
-0.0067202486	
-0.006804891	
-0.004878177	
-0.004580562	
-0.0062725525	
-0.0070157363	
-0.0049150256	
-0.0047906362	
-0.006417754	
-0.007714709	
-0.0039022965	
-0.003336117	
-0.0067632636	
-0.007973982	
-0.00369955	
-0.0031283067	
-0.007853839	
-0.008220898	
-0.003866784	
-0.0044007804	
-0.0075655533	
-0.0073488504	
-0.003239139	
-0.0039701434	
-0.008116126	
-0.007658684	
-0.0031596122	
-0.003463986	
-0.00832696	
-0.0077810427	
-0.0030456968	
-0.0038557097	
-0.007957584	
-0.007973595	
-0.003639987	
-0.0034481438	
-0.0073278863	
-0.008170362	
-0.0045261565	
-0.003703125	
-0.0068499763	
-0.0074447733	
-0.004136308	
-0.004267329	
-0.0074263844	
-0.007120589	
-0.0037930985	
-0.004214092	
-0.0076502403	
-0.007474656	
-0.003786069	
-0.0038326955	
-0.0075583817	
-0.0075663785	
-0.0042575286	
-0.00387817	
-0.007085883	
-0.007960767	
-0.004525412	
-0.0033239366	
-0.006674789	
-0.0077111805	
-0.0049423906	
-0.0040757754	
-0.0066051204	
-0.007126932	
-0.004494067	
-0.0041892943	
-0.0074983677	
-0.0071058585	
-0.0053246566	
-0.0034685717	
-0.006908007	
-0.007243014	
-0.0046960027	
-0.0035236103	
-0.0067893676	
-0.0076399413	
-0.0048087966	
-0.0035030027	
-0.0062989653	
-0.007771529	
-0.006217913	
-0.003902402	
-0.0058235573	
-0.007339154	
-0.0064487807	
-0.0042230976	
-0.0049861874	
-0.0073377844	
-0.006253901	
-0.004306515	
-0.00511649	
-0.007395225	
-0.009343257	
-0.004025569	
-0.00608204	
-0.007603048	
-0.0045130667	
-0.0035588203	
-0.005427488	
-0.008136487	
-0.0063880496	
-0.0037693095	
-0.0045139506	
-0.007534311	
-0.006929985	
-0.0040882076	
-0.004576874	
-0.0071257115	
-0.0070261266	
-0.0043379515	
-0.005080615	
-0.00725732	
-0.0062703276	
-0.0035290672	
-0.005041454	
-0.0078653535	
-0.0062956414	
-0.0030911579	
-0.0048972145	
-0.008852682	
-0.006508828	
-0.0024638304	
-0.004793701	
-0.008796216	
-0.0066145705	
-0.0030678886	
-0.005219236	
-0.008207696	
-0.0057074716	
-0.0033802143	
-0.0054399553	
-0.009049927	
-0.005358583	
-0.0025995593	
-0.0057470486	
-0.008463278	
-0.006650503	
-0.0026791452	
-0.005034553	
-0.008288085	
-0.00673383	
-0.0029324233	
-0.0036092424	
-0.009515402	
-0.0077107423	
-0.0021091532	
-0.0033911671	
-0.008928266	
-0.0077866553	
-0.0027632748	
-0.0031733708	
-0.008414971	
-0.008096393	
-0.003351787	
-0.0034575025	
-0.007925185	
-0.0077847918	
-0.004541146	
-0.0036059665	
-0.0073492457	
-0.0072121616	
-0.0041850447	
-0.0040842644	
-0.0074486444	
-0.0073626963	
-0.0038263625	
-0.0036035697	
-0.007907495	
-0.007714991	
-0.0039476175	
-0.0033331313	
-0.0071936497	
-0.007886001	
-0.0043714046	
-0.003800751	
-0.007403792	
-0.0071607097	
-0.0038147988	
-0.0041073035	
-0.007714067	
-0.0071127294	
-0.003756749	
-0.0042423443	
-0.007601895	
-0.007786188	
-0.0035882944	
-0.004283033	
-0.0076157716	
-0.007339287	
-0.0036377644	
-0.004021793	
-0.007606049	
-0.0075959056	
-0.0038155986	
-0.0049932213	
-0.006853254	
-0.0065115136	
-0.0043271235	
-0.0048058303	
-0.0069806417	
-0.00710042	
-0.004213517	
-0.004774581	
-0.0070329285	
-0.006826909	
-0.0041719195	
-0.004651998	
-0.0071659954	
-0.0069131814	
-0.0040268083	
-0.00421868	
-0.007718523	
-0.007368795	
-0.0039569465	
-0.0041275756	
-0.0073153456	
-0.0072058626	
-0.004174876	
-0.004749921	
-0.0075695217	
-0.0070432397	
-0.0040207007	
-0.0049084993	
-0.0074729226	
-0.0063511017	
-0.0037808022	
-0.006707942	
-0.0075757033	
-0.0044943932	
-0.003586593	
-0.0072046886	
-0.0059358277	
-0.0073275813	
-0.0068109096	
-0.0046286373	
-0.0044214996	
-0.0046934374	
-0.0071282163	
-0.006632205	
-0.0040892675	
-0.004480441	
-0.007566887	
-0.0066743456	
-0.0037413887	
-0.0068244557	
-0.007387849	
-0.0056964112	
-0.0046636695	
-0.005473167	
-0.006414671	
-0.005990977	
-0.0044701598	
-0.0052799764	
-0.006836878	
-0.006313572	
-0.004756996	
-0.0054140724	
-0.006786876	
-0.0077126175	
-0.0040728687	
-0.0033876756	
-0.0068490487	
-0.008021479	
-0.0037672378	
-0.0028281899	
-0.007506147	
-0.008325517	
-0.0041794246	
-0.00427897	
-0.0074932273	
-0.007525361	
-0.0034987652	
-0.003846287	
-0.007823528	
-0.007804953	
-0.003613874	
-0.0036503247	
-0.008131225	
-0.007537721	
-0.0032205717	
-0.00374664	
-0.007899511	
-0.0076513076	
-0.003945172	
-0.0038761324	
-0.0072577964	
-0.006667836	
-0.0045193885	
-0.005294985	
-0.006924227	
-0.006366455	
-0.005228308	
-0.0055562044	
-0.0058383616	
-0.0062825237	
-0.0054668393	
-0.004366775	
-0.0055174213	
-0.0069136336	
-0.005796592	
-0.004484451	
-0.0056218957	
-0.0071338103	
-0.00586415	
-0.0039611473	
-0.0055066105	
-0.0077609713	
-0.0065579587	
-0.0040685455	
-0.0044925814	
-0.0070637204	
-0.006700215	
-0.0043757902	
-0.004471196	
-0.007204004	
-0.006926753	
-0.0042802417	
-0.0044834837	
-0.0073693846	
-0.008348487	
-0.0035006602	
-0.0027372479	
-0.0077370377	
-0.008713273	
-0.0038295225	
-0.0026218924	
-0.007537314	
-0.008607448	
-0.0037035295	
-0.0030546908	
-0.007288492	
-0.008140573	
-0.0038615365	
-0.0035838273	
-0.007254519	
-0.008065464	
-0.0038449888	
-0.0032962689	
-0.0073852744	
-0.008062835	
-0.0041460213	
-0.0036810474	
-0.007281533	
-0.0078103626	
-0.0038185332	
-0.0041930475	
-0.0073534437	
-0.007431435	
-0.003595817	
-0.0043235538	
-0.0075222617	
-0.0075530466	
-0.0039874	
-0.003488233	
-0.0047188485	
-0.008248832	
-0.007255123	
-0.0030171445	
-0.0032968726	
-0.008250551	
-0.008138854	
-0.0033579434	
-0.0035104046	
-0.00792077	
-0.0075395214	
-0.0038217627	
-0.0039077178	
-0.0075945347	
-0.0072392705	
-0.004476767	
-0.0042188647	
-0.0076343026	
-0.0063273543	
-0.0035453283	
-0.0057085697	
-0.007952252	
-0.0050535677	
-0.0031769054	
-0.006212122	
-0.008200739	
-0.0050943648	
-0.0032507665	
-0.0077650165	
-0.007173843	
-0.0037918477	
-0.003722693	
-0.006788557	
-0.008768608	
-0.0054941606	
-0.0025185035	
-0.0048814584	
-0.008294188	
-0.006739648	
-0.0029268027	
-0.0033808334	
-0.009136519	
-0.0075905593	
-0.003050417	
-0.0037829562	
-0.008332664	
-0.0071585765	
-0.003073345	
-0.004237272	
-0.008444675	
-0.0072129467	
-0.003365213	
-0.0041303025	
-0.007810816	
-0.0075536175	
-0.003978431	
-0.004023965	
-0.007369606	
-0.0072528557	
-0.0045223893	
-0.0040922826	
-0.0070078173	
-0.0068645747	
-0.004203392	
-0.004729865	
-0.0072767483	
-0.0068945657	
-0.00435785	
-0.0045134746	
-0.00701586	
-0.0074660964	
-0.0042042374	
-0.0039049194	
-0.00689182	
-0.0077861967	
-0.004268031	
-0.0037060054	
-0.006931007	
-0.00782177	
-0.0043858015	
-0.003829047	
-0.007020302	
-0.0077366615	
-0.004563736	
-0.0040830304	
-0.006834574	
-0.0071905227	
-0.004205648	
-0.0043841028	
-0.007506844	
-0.0072199116	
-0.003805842	
-0.0039782394	
-0.0076015186	
-0.0076273447	
-0.003919048	
-0.0055965353	
-0.006685407	
-0.005831437	
-0.0042052055	
-0.0055360207	
-0.0073775994	
-0.006150572	
-0.0038834733	
-0.0055103046	
-0.0075096893	
-0.005907501	
-0.003741701	
-0.0057777567	
-0.008348808	
-0.0062484387	
-0.0026539685	
-0.0044537345	
-0.008291711	
-0.0069935936	
-0.0035476217	
-0.004347878	
-0.0074990415	
-0.007862635	
-0.00508493	
-0.0036723542	
