0.03716961	
0.036892984	
0.03721667	
0.03685819	
0.03722112	
0.036886085	
0.037163764	
0.037007038	
0.037073914	
0.03702804	
0.0370619	
0.03703326	
0.037077755	
0.037008516	
0.037028916	
0.03704405	
0.037001804	
0.03706804	
0.036981806	
0.03707447	
0.03700341	
0.037041567	
0.03705828	
0.036969833	
0.03706972	
0.037015755	
0.03701921	
0.037056144	
0.03696655	
0.037123404	
0.036927667	
0.03711897	
0.036949214	
0.037089776	
0.0369764	
0.03705591	
0.037023164	
0.037000988	
0.037080694	
0.036987744	
0.03719025	
0.036880422	
0.03716207	
0.036876194	
0.037118945	
0.037011843	
0.037000902	
0.03710948	
0.036921374	
0.037119523	
0.036964145	
0.0370688	
0.03697986	
0.037093513	
0.036954902	
0.03708425	
0.036977414	
0.03707489	
0.036965948	
0.037097808	
0.03696177	
0.03709675	
0.03696332	
0.037110716	
0.03694029	
0.03711687	
0.03693442	
0.03711146	
0.036947988	
0.03707691	
0.037015256	
0.037033733	
0.03703041	
0.03699591	
0.037088834	
0.03697916	
0.037056062	
0.037019134	
0.037026253	
0.037055857	
0.03700009	
0.037067574	
0.036993485	
0.037087187	
0.03697284	
0.03707918	
0.036988325	
0.0370538	
0.03701034	
0.037033472	
0.037048798	
0.036984056	
0.037067626	
0.03699224	
0.037062097	
0.036975384	
0.037076116	
0.036995858	
0.037069697	
0.036968708	
0.037117478	
0.03693908	
0.03709591	
0.037039332	
0.036983896	
0.03704805	
0.037016824	
0.037017375	
0.037042197	
0.037028216	
0.037032247	
0.036998894	
0.037054528	
0.03702695	
0.037036657	
0.03694584	
0.037176184	
0.03687356	
0.037154965	
0.036886018	
0.03709779	
0.036990274	
0.037050836	
0.03704142	
0.03699273	
0.03714638	
0.036859687	
0.03720325	
0.036888566	
0.037149608	
0.036931843	
0.037122987	
0.03699145	
0.03716395	
0.036939967	
0.03715766	
0.03692672	
0.0371525	
0.036946207	
0.037122793	
0.03698557	
0.037080407	
0.03700689	
0.037043776	
0.03702593	
0.03704457	
0.03701213	
0.037034545	
0.03706862	
0.03697054	
0.037111882	
0.036938317	
0.037080385	
0.037019268	
0.03700964	
0.03706264	
0.036980014	
0.037068885	
0.03695841	
0.0371176	
0.03692991	
0.037112605	
0.03694358	
0.037085626	
0.036933787	
0.037102126	
0.03701982	
0.03713865	
0.036941234	
0.03721157	
0.036931004	
0.037114847	
0.03691397	
0.037137616	
0.03694931	
0.037105806	
0.036981363	
0.03705185	
0.037009872	
0.037103973	
0.036959115	
0.037060644	
0.036995806	
0.037078887	
0.03694014	
0.037121255	
0.03694606	
0.037061613	
0.037075445	
0.03694315	
0.037115682	
0.036948547	
0.037061095	
0.0370268	
0.037011232	
0.037073757	
0.037092917	
0.036949653	
0.03711971	
0.036963265	
0.037047364	
0.03705442	
0.036980554	
0.037100274	
0.036952313	
0.03709548	
0.03696325	
0.03705342	
0.037031844	
0.03700887	
0.03705363	
0.036995556	
0.037058078	
0.036982648	
0.037071347	
0.036989667	
0.037057985	
0.037001617	
0.03707061	
0.036985766	
0.0370785	
0.0369343	
0.037144046	
0.036899853	
0.0371657	
0.036886156	
0.037254464	
0.0368975	
0.037404075	
0.036671724	
0.037324198	
0.03678182	
0.037331168	
0.03684571	
0.03725619	
0.036894504	
0.03720209	
0.03693589	
0.037188113	
0.036923878	
0.037140712	
0.036970545	
0.0371221	
0.036967114	
0.03709363	
0.036996033	
0.037036996	
0.037034366	
0.037019704	
0.037031867	
0.037010714	
0.03707065	
0.036981538	
0.037047934	
0.037022572	
0.037049863	
0.036990833	
0.03707632	
0.03700399	
0.03704369	
0.037001096	
0.03704588	
0.037052862	
0.036979716	
0.037082206	
0.03696053	
0.037108246	
0.036954664	
0.037091203	
0.03699394	
0.037036292	
0.03705706	
0.03700123	
0.03707828	
0.03697597	
0.037065253	
0.037003554	
0.03702878	
0.03705054	
0.036996365	
0.037048798	
0.037009753	
0.03702145	
0.03700639	
0.037088033	
0.03697237	
0.037046544	
0.03701392	
0.037030973	
0.03701963	
0.037057362	
0.03706123	
0.0370068	
0.037078094	
0.03697231	
0.037055373	
0.03706996	
0.03694034	
0.03712954	
0.03691165	
0.037096534	
0.036941156	
0.03718877	
0.03686586	
0.03714519	
0.03693996	
0.037129983	
0.036960587	
0.037091583	
0.036997218	
0.03707532	
0.03700291	
0.037049107	
0.037019983	
0.03703457	
0.03702354	
0.036993247	
0.037084486	
0.036981538	
0.03707777	
0.03697816	
0.03706499	
0.036990546	
0.037058473	
0.03700421	
0.037015796	
0.037067313	
0.03694912	
0.037160322	
0.036890466	
0.037118636	
0.036976323	
0.037053984	
0.037024684	
0.037015617	
0.037008606	
0.037070695	
0.036876563	
0.037218872	
0.036904335	
0.037121605	
0.036951106	
0.03704667	
0.03705039	
0.037022267	
0.03697794	
0.03715511	
0.036885053	
0.037150472	
0.036947805	
0.037051644	
0.037032884	
0.037046067	
0.037037127	
0.037116766	
0.036981247	
0.037148505	
0.036929615	
0.037231296	
0.036884412	
0.037191354	
0.036899332	
0.037280638	
0.036845036	
0.037298564	
0.03688802	
0.037166033	
0.03697584	
0.037133206	
0.037008245	
0.037035547	
0.037056144	
0.036944106	
0.037140913	
0.036914703	
0.03712349	
0.036942907	
0.037044127	
0.03705189	
0.037023146	
0.03702293	
0.037017103	
0.037062738	
0.036996275	
0.037034016	
0.03702725	
0.037062652	
0.036970798	
0.03706674	
0.036999427	
0.037031885	
0.037045024	
0.037002206	
0.03704551	
0.03696117	
0.037122883	
0.036942516	
0.037134007	
0.036933802	
0.03711313	
0.03692913	
0.037157908	
0.036924545	
0.03744523	
0.03706684	
0.03667227	
0.03731023	
0.03674665	
0.037461177	
0.03680575	
0.037362084	
0.036894858	
0.037241254	
0.036962792	
0.03718742	
0.036973376	
0.037170902	
0.037004605	
0.037223168	
0.036896396	
0.0371843	
0.036961455	
0.03706148	
0.03710897	
0.03687716	
0.037132464	
0.036934257	
0.03722932	
0.036807977	
0.03722731	
0.036812447	
0.037204627	
0.03693713	
0.03720109	
0.03687083	
0.037228964	
0.03688237	
0.037090223	
0.037058912	
0.03695372	
0.037169665	
0.036827505	
0.037217215	
0.036829684	
0.037132762	
0.03701558	
0.037032194	
0.036977712	
0.037087664	
0.03699944	
0.03700692	
0.037061978	
0.03700639	
0.03701265	
0.037035033	
0.037023358	
0.037033305	
0.037066188	
0.03697019	
0.037065346	
0.03702897	
0.036962427	
0.03710713	
0.03698463	
0.037064947	
0.03692745	
0.03715891	
0.036910266	
0.037120126	
0.03696271	
0.037081093	
0.036981337	
0.03703919	
0.037025776	
0.037046265	
0.03700376	
0.0370326	
0.037028525	
0.037050486	
0.03714923	
0.036933497	
0.037133276	
0.036898762	
0.037184156	
0.036926918	
0.037232928	
0.036848705	
0.037176684	
0.036968887	
0.03709267	
0.036990985	
0.03709072	
0.03700687	
0.037033796	
0.03700533	
0.03705226	
0.037033103	
0.037012745	
0.037026536	
0.03703635	
0.037039813	
0.037008315	
0.037042767	
0.03701233	
0.037034824	
0.03701715	
0.03705057	
0.036990963	
0.037071742	
0.03699952	
0.037066888	
0.036980294	
0.037061606	
0.037017882	
0.03702763	
0.037071172	
0.03698975	
0.03707298	
0.036966015	
0.03711374	
0.036962602	
0.037081294	
0.036993813	
0.037076425	
0.03694384	
0.037129775	
0.03695126	
0.037075832	
0.036996815	
0.03711885	
0.036922358	
0.037138734	
0.036916994	
0.037132952	
0.03694323	
0.037114423	
0.036972288	
0.037093077	
0.036968075	
0.037116464	
0.036922675	
0.037127912	
0.03697838	
0.037048284	
0.037033673	
0.03697649	
0.037212577	
0.037098855	
0.03681802	
0.0372186	
0.036883432	
0.037284985	
0.036866922	
0.037182767	
0.036954075	
0.03711465	
0.037049986	
0.03701145	
0.03711657	
0.036929734	
0.037138928	
0.036901925	
0.037136752	
0.03691394	
0.03712844	
0.036926545	
0.037108127	
0.03695969	
0.037079252	
0.03699121	
0.037040047	
0.037051745	
0.03698277	
0.03707412	
0.036974825	
0.037067804	
0.037009742	
0.0370385	
0.037027687	
0.03701219	
0.037060335	
0.03698466	
0.037074562	
0.03695785	
0.03709832	
0.036958005	
0.03708788	
0.036979023	
0.037070118	
0.036984235	
0.037047703	
0.037029926	
0.037014946	
0.03703884	
0.037005387	
0.037051808	
0.0369974	
0.03706873	
0.036985602	
0.03707418	
0.036918223	
0.037162676	
0.036913194	
0.037084177	
0.037022673	
0.037144367	
0.03692478	
0.03708071	
0.036998086	
0.037079196	
0.037001997	
0.03702574	
0.03704855	
0.037038587	
0.03701223	
0.037068516	
0.037000075	
0.037069224	
0.03697078	
0.037073545	
0.03700693	
0.037024938	
0.037057985	
0.036963265	
0.037148714	
0.036881328	
0.03712881	
0.036938626	
0.037109807	
0.036962714	
0.037099604	
0.036980897	
0.037070066	
0.037008476	
0.037057143	
0.03701339	
0.03702603	
0.03705043	
0.037002116	
0.037051283	
0.036972813	
0.037099466	
0.036948785	
0.037183177	
0.03684624	
0.037156787	
0.036918435	
0.037123907	
0.036945038	
0.03710716	
0.036946088	
0.037095	
0.036978852	
0.037113626	
0.037168823	
0.037126157	
0.036855903	
0.03732051	
0.03665158	
0.037380442	
0.036887664	
0.037237134	
0.037029926	
0.03713863	
0.03708019	
0.037056584	
0.037090514	
0.037026912	
0.037113592	
0.03715821	
0.036983393	
0.03716642	
0.03694588	
0.037219983	
0.036949374	
0.03713596	
0.036970694	
0.037101302	
0.037027966	
0.037106976	
0.036977276	
0.037101083	
0.037007537	
0.03704414	
0.037024777	
0.037035502	
0.037050664	
0.03699007	
0.037079796	
0.036965273	
0.0370712	
0.036987543	
0.03703829	
0.037046425	
0.03700339	
0.037059262	
0.036979984	
0.037070446	
0.036987368	
0.03705308	
0.03701037	
0.037054874	
0.037005305	
0.03704466	
0.037004817	
0.037064698	
0.03699313	
0.03704292	
0.037017994	
0.037051078	
0.036999907	
0.037048306	
0.03702097	
0.03701917	
0.037038587	
0.037013713	
0.03703647	
0.037012815	
0.037059482	
0.03698664	
0.0370612	
0.036994345	
0.03705719	
0.03698797	
0.03706348	
0.03699999	
0.03704062	
0.037001662	
0.037094817	
0.036995705	
0.0372232	
0.0369145	
0.037232492	
0.036802903	
0.037280623	
0.036896463	
0.037241947	
0.036935247	
0.037175417	
0.037017517	
0.03709279	
0.037041575	
0.037043437	
0.037057362	
0.03699201	
0.037080873	
0.036949813	
0.037117887	
0.0369284	
0.03709573	
0.036977563	
0.037091423	
0.036946777	
0.037123606	
0.036947377	
0.037095062	
0.036983855	
0.037062302	
0.03701427	
0.037037343	
0.037026323	
0.037045147	
0.037007168	
0.03708633	
0.036982622	
0.037071723	
0.036988687	
0.037058778	
0.037021693	
0.037014976	
0.03705995	
0.036986373	
0.037056092	
0.03698905	
0.037079122	
0.03698169	
0.03706533	
0.036990173	
0.037088048	
0.036977086	
0.037064344	
0.036997683	
0.037048448	
0.037039194	
0.0369989	
0.037059203	
0.03698234	
0.037058543	
0.03699922	
0.03707092	
0.036993925	
0.037065282	
0.037044555	
0.03720511	
0.03689882	
0.03716432	
0.036911733	
0.03710567	
0.037031256	
0.037002206	
0.0370768	
0.036950737	
0.037133005	
0.036909673	
0.037108906	
0.037057966	
0.036918405	
0.037121758	
0.036926523	
0.03712034	
0.036949977	
0.037096355	
0.03699321	
0.03705038	
0.03701628	
0.037046645	
0.037014227	
0.037038963	
0.037028834	
0.037079167	
0.036962315	
0.037135575	
0.03693692	
0.03712536	
0.036939666	
0.037120823	
0.03696042	
0.03709214	
0.03700039	
0.037063036	
0.0370212	
0.03705692	
0.037002623	
0.037062332	
0.037006687	
0.037050877	
0.03700144	
0.037063226	
0.036988303	
0.03708445	
0.036977075	
0.037079114	
0.036980115	
0.037053283	
0.037014365	
0.037034415	
0.03706896	
0.03696846	
0.0371216	
0.036902115	
0.03714194	
0.03690866	
0.03714956	
0.03693223	
0.03712149	
0.03698628	
0.03720779	
0.036898896	
0.037151843	
0.03693427	
0.03711148	
0.03700895	
0.03710124	
0.036987998	
0.037113555	
0.03696663	
0.037106976	
0.036980964	
0.03707902	
0.036999434	
0.03707212	
0.037009127	
0.037022255	
0.037052277	
0.03699112	
0.03707067	
0.036972117	
0.037071742	
0.03698885	
0.03704538	
0.037016623	
0.037062954	
0.03698346	
0.03705785	
0.03700865	
0.037028365	
0.0370457	
0.037002783	
0.03705422	
0.036984935	
0.037078403	
0.036976498	
0.037068464	
0.036983024	
0.03705678	
0.037013236	
0.03702708	
0.037027746	
0.037032094	
0.037015337	
0.03704616	
0.03701226	
0.037023153	
0.037069257	
0.03700943	
0.037185613	
0.037062302	
0.03683763	
0.037175085	
0.036810715	
0.03726073	
0.036894005	
0.03717648	
0.036970824	
0.03712597	
0.036990147	
0.037071757	
0.037026722	
0.0370293	
0.037064694	
0.03718099	
0.036887642	
0.03715956	
0.036925863	
0.03719078	
0.03693039	
0.037110433	
0.036995996	
0.03706208	
0.03702349	
0.037066773	
0.037011217	
0.037057612	
0.03701759	
0.037048507	
0.037007153	
0.037045892	
0.037018117	
0.037041645	
0.037020538	
0.03703309	
0.037024632	
0.03700507	
0.0370664	
0.03698719	
0.037078444	
0.03695515	
0.037107307	
0.03695171	
0.03708459	
0.036975972	
0.037068147	
0.03698389	
0.0369389	
0.037228823	
0.036849573	
0.037067473	
0.03703478	
0.03702537	
0.03700605	
0.037090983	
0.03699215	
0.037059937	
0.03700427	
0.037046425	
0.036986787	
0.037065834	
0.03703375	
0.037009258	
0.037025865	
0.036989935	
0.037056144	
0.037049923	
0.036983665	
0.03708435	
0.036951244	
0.037137277	
0.036921773	
0.03711097	
0.03694368	
0.037089784	
0.03706223	
0.036974154	
0.037088674	
0.03695436	
0.03709901	
0.036895	
0.03719156	
0.036885142	
0.03712984	
0.03696582	
0.03705388	
0.036970135	
0.037157264	
0.036911022	
0.03713171	
0.0369262	
0.037171025	
0.036895942	
0.03715772	
0.036916707	
0.037125926	
0.03697026	
0.03707924	
0.037000246	
0.037057176	
0.03701964	
0.037048757	
0.037008397	
0.037099026	
0.036993984	
0.037062936	
0.037035424	
0.037044104	
0.03700576	
0.03711923	
0.036967166	
0.037096597	
0.036987618	
0.037081882	
0.03701195	
0.037032917	
0.037029266	
0.037019458	
0.03705257	
0.03699864	
0.037053186	
0.036985423	
0.03706577	
0.037010252	
0.037028056	
0.03704731	
0.037020177	
0.037075024	
0.036986366	
0.037070036	
0.036986392	
0.03709545	
0.036973894	
0.037075814	
0.036998402	
0.03704884	
0.037019353	
0.037025902	
0.037172154	
0.03687965	
0.037220582	
0.03682775	
0.037142165	
0.03694414	
0.037074067	
0.037032343	
0.036981158	
0.03710167	
0.036940377	
0.037157357	
0.036914997	
0.037210472	
0.036844634	
0.037222035	
0.036824405	
0.03721289	
0.036911104	
0.037150048	
0.03695797	
0.03713521	
0.036975283	
0.03709516	
0.036984064	
0.037059806	
0.03700456	
0.03706101	
0.037013303	
0.03702467	
0.03701859	
0.037054587	
0.036964238	
0.03711656	
0.03693944	
0.037103947	
0.036962483	
0.03707245	
0.036986277	
0.03706468	
0.036983598	
0.037052482	
0.037039347	
0.036990434	
0.03708286	
0.036974404	
0.037107598	
0.036949582	
0.037101936	
0.036970176	
0.03712126	
0.036941513	
0.037130296	
0.036943197	
0.03710386	
0.036975782	
0.037085705	
0.03698832	
0.03707445	
0.036976967	
0.037081707	
0.036988523	
0.037057124	
0.037015676	
0.037010644	
0.037057653	
0.036991846	
