Passive_Agent, Passive_Agent_Shares, Active_Agent, Active_Agent_Shares
100036.82182680756,	 55,	 100000.0,	 0
99730.26980687422,	 55,	 100000.0,	 0
99043.54967775929,	 55,	 99957.10107168402,	 8
99152.8414883548,	 55,	 99942.81130402593,	 35
100233.1091092697,	 55,	 100165.88851754449,	 37
100444.3216240872,	 55,	 100788.85312544172,	 51
100131.8688390993,	 55,	 100478.36553478817,	 54
98924.14134111247,	 55,	 99311.03320778723,	 54
98590.47036178478,	 55,	 98977.13210072072,	 34
98541.68578159444,	 55,	 98965.44708132374,	 36
99066.83702406258,	 55,	 99292.86175409975,	 49
98803.99761531036,	 55,	 99085.1605565104,	 50
99870.11599686682,	 55,	 99730.74991494657,	 52
100415.21565668477,	 55,	 100494.29850102663,	 54
100739.33038776254,	 55,	 100837.81580504896,	 54
101415.39525346641,	 55,	 101553.31684728393,	 55
101711.54417232671,	 55,	 101750.11675977838,	 55
102220.28753289611,	 55,	 102431.99265366899,	 55
102245.93606771821,	 55,	 102330.27913135929,	 55
102149.68717485535,	 55,	 102304.89451824367,	 55
102570.87843977171,	 55,	 102742.74078556332,	 55
101572.80389701296,	 55,	 101798.76621689388,	 55
101627.31907069568,	 55,	 101772.68406906302,	 55
101395.59413134964,	 55,	 101507.46162094748,	 55
101675.82592058042,	 55,	 101749.00761684908,	 55
101894.61330969419,	 55,	 102117.51821180734,	 55
101834.16827158467,	 55,	 102083.68351097782,	 55
102099.84669292737,	 55,	 102440.01643570437,	 55
100991.31194054848,	 55,	 101054.734529969,	 55
101916.86041449857,	 55,	 101524.58759251938,	 55
102554.70627868849,	 55,	 102674.86610210997,	 5
102494.81046255954,	 55,	 102658.13146889025,	 18
102088.37590368517,	 55,	 102490.29026746977,	 39
101877.48339123985,	 55,	 102611.75299214388,	 33
102289.19176473697,	 55,	 102664.76782824489,	 38
101325.79915065359,	 55,	 102016.63067187862,	 46
99476.34300202325,	 55,	 100477.40653273216,	 17
98645.52872472681,	 55,	 100178.23975304217,	 37
99545.8403377167,	 55,	 100790.20847866537,	 54
98513.48899995364,	 55,	 99880.3047878417,	 49
99272.45055615332,	 55,	 100511.62124652106,	 52
98995.67272420945,	 55,	 100413.60827842256,	 55
96756.65919086624,	 55,	 98151.30284521695,	 55
97162.581401062,	 55,	 98832.41485773306,	 55
97103.37745008449,	 55,	 98558.91720349135,	 55
98114.8781708614,	 55,	 99034.04477722975,	 55
98759.18347307421,	 55,	 101107.0590048767,	 55
99713.12437006275,	 55,	 101176.86003275799,	 55
101024.10734761436,	 55,	 102271.96180517034,	 55
101027.70575432116,	 55,	 102346.46070184422,	 55
101417.01595436448,	 55,	 102450.10013787379,	 55
101577.87206676533,	 55,	 103284.7727212697,	 55
102204.67020789075,	 55,	 103553.85901408283,	 56
101501.86884863208,	 55,	 102932.0895997285,	 56
102111.48569661772,	 55,	 103075.31582768276,	 56
101987.31705996393,	 55,	 103326.82729537181,	 56
102485.45406898735,	 55,	 103943.75937263801,	 56
102385.3401311179,	 55,	 103709.57465941901,	 56
102424.29244208593,	 55,	 103833.50547213026,	 56
102307.47045156751,	 55,	 104334.97769942062,	 56
102703.80589494848,	 55,	 104183.98086784848,	 56
102010.66941239193,	 55,	 103852.34265859252,	 56
103561.96883213974,	 55,	 105142.05978797804,	 56
103960.60857004888,	 55,	 105386.63846835813,	 56
104104.11198138418,	 55,	 105529.50750999559,	 56
103892.87108489932,	 55,	 105592.19950575236,	 56
103992.26722298711,	 55,	 105172.09482877018,	 56
103628.52880338958,	 55,	 104914.98929340379,	 56
103653.322379872,	 55,	 104566.35494640033,	 56
102464.22849594378,	 55,	 103918.80583573732,	 56
102229.52177430695,	 55,	 103625.60234368731,	 56
102859.87543802186,	 55,	 104459.45731172687,	 56
103784.5655593713,	 55,	 105274.91003033597,	 56
103109.5016980216,	 55,	 104417.10498897164,	 56
103721.79282344402,	 55,	 104501.36821752401,	 56
103663.41016836667,	 55,	 104901.268944654,	 56
102995.0870559671,	 55,	 104142.27465373414,	 56
103291.9316206504,	 55,	 104863.79466349512,	 56
102901.19410202323,	 55,	 104272.1945147863,	 56
102395.12943562823,	 55,	 103870.8376816378,	 56
102803.97244581663,	 55,	 104541.20395864102,	 56
103924.71406536787,	 55,	 105226.32456467759,	 56
104681.09979540159,	 55,	 106041.10388560069,	 56
104999.78714542491,	 55,	 106209.88431450848,	 56
104845.08941158226,	 55,	 105971.31799171519,	 56
103556.57316943946,	 55,	 104941.67857565745,	 56
102318.82987689401,	 55,	 103683.82662110045,	 56
102597.15119410476,	 55,	 104216.39085192994,	 56
103698.01058661564,	 55,	 105193.52998157911,	 56
101791.83336560296,	 55,	 103127.10318663335,	 56
100830.84199414004,	 55,	 102178.2112524864,	 56
101081.91646385075,	 55,	 102760.90155896281,	 56
101325.43078654679,	 55,	 102496.73496019047,	 56
102752.82801719663,	 55,	 104271.72516513286,	 56
103538.47433955377,	 55,	 104535.75374472336,	 56
103533.33503167241,	 55,	 104913.45773424867,	 56
104308.75122151854,	 55,	 105404.41964898848,	 56
104108.23732599914,	 55,	 105529.2991441354,	 56
103980.59094147263,	 55,	 105513.74187552616,	 56
103486.09010166353,	 55,	 104848.44166158758,	 56
103780.03980278104,	 55,	 104892.0822575378,	 56
103951.28354744386,	 55,	 105341.00021772244,	 56
104608.61519713956,	 55,	 105840.13675939245,	 56
104529.07374030515,	 55,	 105797.48104484308,	 56
104392.52614070215,	 55,	 105854.74940252778,	 56
103889.6244169599,	 55,	 105774.51272735826,	 56
103734.98926202324,	 55,	 105121.1495867863,	 56
103759.15782590397,	 55,	 105365.65931461335,	 56
103962.97537212475,	 55,	 105308.19967828188,	 56
103940.24100979937,	 55,	 105124.4319521095,	 56
104994.13260276345,	 55,	 106336.88618034708,	 56
105317.92635199185,	 55,	 106729.80528481794,	 56
104837.20133162162,	 55,	 106264.07087137044,	 56
103638.02190445502,	 55,	 104840.31803667736,	 56
103864.8786367905,	 55,	 105369.5218519692,	 56
104051.76821235404,	 55,	 105655.3861070152,	 56
103984.13764733901,	 55,	 105216.31194698109,	 56
104348.08535852883,	 55,	 106242.26439628776,	 56
105074.79253193007,	 55,	 106480.03738992683,	 56
105402.89817565323,	 55,	 106902.82839269843,	 56
105726.93737779066,	 55,	 107483.99763954146,	 56
105924.76783950697,	 55,	 107376.27495842367,	 56
106391.80906984815,	 55,	 107639.86480955605,	 56
106542.87613762131,	 55,	 108179.39934373728,	 56
106454.21953696066,	 55,	 108260.45196722401,	 56
106718.65237010454,	 55,	 108189.93336008422,	 56
106750.03113503473,	 55,	 108424.74465424995,	 56
107398.21738672162,	 55,	 108654.28185597208,	 56
108147.34395113483,	 55,	 109422.0549397473,	 56
108282.22216023068,	 55,	 109753.0684402121,	 56
108189.01686417029,	 55,	 109506.31118902777,	 56
107790.84001150144,	 55,	 109189.02870060789,	 56
106977.9000141958,	 55,	 108446.45009942583,	 24
107170.93662681108,	 55,	 108350.12541565308,	 46
107226.2149549273,	 55,	 108604.77804766603,	 54
107734.21907883386,	 55,	 108760.01436151343,	 55
107723.34581740582,	 55,	 109201.53626270582,	 55
108468.15211948291,	 55,	 109918.65054560165,	 55
108828.32631161613,	 55,	 110173.55256651896,	 55
108797.10772030315,	 55,	 110091.99962546176,	 55
108204.77966527754,	 55,	 109438.13816056715,	 55
108365.5085576373,	 55,	 109647.74712340528,	 55
108411.77732287585,	 55,	 109248.56206252793,	 20
108635.75017979719,	 55,	 109380.62962757205,	 4
108816.41398722942,	 55,	 109365.3282983494,	 26
109352.94007022085,	 55,	 109828.38320349394,	 53
109566.7559752275,	 55,	 109898.78234746204,	 53
110094.9569381347,	 55,	 110098.16655184736,	 54
109681.53975892864,	 55,	 110114.51896417887,	 54
108796.35415549224,	 55,	 109333.45613968601,	 55
109506.09823039302,	 55,	 109580.81291881672,	 55
108526.02482528027,	 55,	 109168.56586441775,	 16
108994.57519392924,	 55,	 109193.4971400051,	 15
109748.85897237339,	 55,	 109280.96129843395,	 4
109166.46035900178,	 55,	 109080.94129791598,	 36
109897.6665928363,	 55,	 109637.07328038757,	 54
108622.79632548914,	 55,	 108254.82089874618,	 55
109056.86660571871,	 55,	 108691.06947606224,	 55
109402.82841339264,	 55,	 109221.1197478462,	 55
109682.25950817463,	 55,	 109396.3237220665,	 55
110125.21130199241,	 55,	 109958.2181240161,	 55
110306.58192020796,	 55,	 109975.64329857145,	 55
109742.61504886244,	 55,	 109372.10433774542,	 55
109376.55652149869,	 55,	 109519.29774400886,	 55
109357.63816202324,	 55,	 109033.03531397792,	 55
109135.2154779115,	 55,	 108793.99934325425,	 55
107197.24327702326,	 55,	 106872.64042897793,	 55
106847.62285812624,	 55,	 106298.60681751125,	 55
106874.22689770967,	 55,	 107190.52778669023,	 55
106420.64522371616,	 55,	 106268.36842577568,	 55
106604.72967356865,	 55,	 106236.03291252797,	 55
105914.71571606379,	 55,	 105519.24284143145,	 55
106230.64542299684,	 55,	 106541.65451894846,	 55
107368.8283047568,	 55,	 107148.31183898065,	 55
107364.98054410369,	 55,	 106914.64936558828,	 55
107621.46929745816,	 55,	 107266.09586434852,	 55
108409.45309434576,	 55,	 107880.7931514983,	 55
108407.69319883385,	 55,	 107659.27959322814,	 55
108854.8778313971,	 55,	 108809.41251661474,	 55
109923.68376307741,	 55,	 109590.59305731197,	 55
110040.065550453,	 55,	 109648.42101913648,	 55
110393.26514185888,	 55,	 109984.17763888795,	 55
110260.47757046293,	 55,	 109985.2278804631,	 55
110894.02750840104,	 55,	 110341.50760078519,	 55
110952.03592436666,	 55,	 110663.21577216814,	 55
110834.01752438092,	 55,	 110481.37547864582,	 55
110510.21883002248,	 55,	 110424.3280471393,	 55
110927.2860123145,	 55,	 110499.81640847163,	 55
110858.05338008891,	 55,	 110761.98225381949,	 55
110960.69594219864,	 55,	 110655.19198353567,	 55
110640.87712131662,	 55,	 110417.62642079135,	 55
110894.58318728991,	 55,	 110258.51226719642,	 55
110962.9377007318,	 55,	 110768.38743715397,	 55
110345.59207037673,	 55,	 109979.48828760076,	 55
110552.6431348364,	 55,	 109822.45000977814,	 55
110659.73710562862,	 55,	 110484.8193648941,	 55
109937.83970129213,	 55,	 109715.05570776784,	 55
109970.16527105383,	 55,	 109740.91972268804,	 55
110841.93270329108,	 55,	 110367.41327199402,	 55
110651.04244693818,	 55,	 110609.42918620765,	 55
111634.4098438724,	 55,	 111213.56951540739,	 55
111578.92862663892,	 55,	 111174.04099441401,	 55
110594.13532125426,	 55,	 110276.30397567975,	 55
110062.74195702325,	 55,	 109738.13910897792,	 55
110579.53246297943,	 55,	 109812.38367870588,	 55
109139.84030702323,	 55,	 108815.2374589779,	 55
110049.53933900046,	 55,	 109498.1312172275,	 53
109740.54101905301,	 55,	 109000.55472884681,	 54
109343.23787058526,	 55,	 109071.63310919807,	 54
107922.03649992535,	 55,	 107642.7096431971,	 55
108038.61675206988,	 55,	 107015.95654302524,	 55
108920.68662913534,	 55,	 108555.09576647893,	 55
108842.0576693802,	 55,	 108642.73232600444,	 55
107439.65896978481,	 55,	 107122.35778726614,	 55
107264.0648625421,	 55,	 107794.0442326777,	 55
107054.93650839012,	 55,	 106753.27660676716,	 55
105844.37487750752,	 55,	 105536.02944567119,	 55
104089.86051872493,	 55,	 103793.85090456337,	 55
104000.38100215391,	 55,	 103847.59621817955,	 55
103208.70977051601,	 55,	 101602.02124766429,	 55
103423.67866821635,	 55,	 101916.14868622212,	 55
104412.38132227257,	 55,	 103493.47407099954,	 55
104690.59936612626,	 55,	 105329.83755009223,	 55
107468.99874574774,	 55,	 106347.66129926564,	 55
106992.16095026924,	 55,	 106681.58874460777,	 55
108104.7155664734,	 55,	 107749.03842777797,	 55
108727.20766535391,	 55,	 108001.78754380542,	 55
108653.79125957494,	 55,	 108184.34811694367,	 55
109414.17094729592,	 55,	 109016.77530922489,	 55
110020.94337877673,	 55,	 109316.64071389266,	 55
110108.00847014811,	 55,	 109761.79997071633,	 55
111901.15224026082,	 55,	 110987.89735128559,	 55
111788.84288579717,	 55,	 111497.2668567374,	 55
111137.0601622103,	 55,	 111168.48134542823,	 55
111969.4688664762,	 55,	 111810.54287093942,	 55
112411.77634720555,	 55,	 111951.84356319779,	 55
112695.45029625302,	 55,	 112115.08881520113,	 55
112748.42722047682,	 55,	 112772.26902412645,	 55
112971.61976242358,	 55,	 112805.06510092849,	 55
112890.07826587549,	 55,	 112713.24665725925,	 55
112906.97335899824,	 55,	 112741.07433526423,	 55
113048.95267053503,	 55,	 112679.72275437761,	 55
112968.94543820569,	 55,	 112695.2886875563,	 55
113582.29707249864,	 55,	 113038.34283744718,	 55
113641.17414975252,	 55,	 113355.21167061555,	 55
113893.99738093742,	 55,	 112942.62853311407,	 55
114450.78135829978,	 55,	 113955.94406517192,	 55
114640.8722659847,	 55,	 114412.29986915259,	 55
114602.54690240926,	 55,	 114356.09705963373,	 55
114708.11937369754,	 55,	 114491.67582081309,	 55
114642.00035247434,	 55,	 114332.95336363479,	 55
113740.03894625485,	 55,	 113478.85133013966,	 55
113968.19140804702,	 55,	 113837.03307915719,	 55
114730.13411299908,	 55,	 114515.82684228613,	 55
114685.72609655096,	 55,	 114228.33045188228,	 55
115029.83564182346,	 55,	 114774.51209468931,	 55
114303.04337379755,	 55,	 113873.92072515762,	 55
113616.5619015558,	 55,	 112658.37571877365,	 55
112402.60083474824,	 55,	 112105.11269852106,	 55
112718.1358815429,	 55,	 112616.58962781045,	 55
111138.53843702324,	 55,	 110831.187450627,	 55
110429.7714131872,	 55,	 109732.55131340859,	 55
109504.70855705671,	 55,	 109200.51956857118,	 55
111586.43505543283,	 55,	 109658.24019297904,	 55
112778.60930606771,	 55,	 114011.43357483433,	 55
114489.55299191225,	 55,	 114280.13475851716,	 55
115021.38784293999,	 55,	 114624.51753194779,	 55
115524.83809620031,	 55,	 115115.50655833297,	 55
115513.56902719576,	 55,	 115205.50069933009,	 55
115764.9524457893,	 55,	 115497.28624189965,	 55
115942.13553931935,	 55,	 115631.15873269716,	 55
115421.97930938145,	 55,	 115115.78445594778,	 55
114242.68474679174,	 55,	 113910.46843797386,	 18
113815.36971800418,	 55,	 113882.91740603866,	 22
111995.61920677125,	 55,	 113075.54797472758,	 27
110624.68848447686,	 55,	 112452.46466951302,	 45
112234.89534350834,	 55,	 113282.5607142818,	 56
114392.82772967845,	 55,	 115083.31531501988,	 56
113412.80590068201,	 55,	 114923.16835953292,	 56
112546.88388580817,	 55,	 113847.74410725641,	 56
112254.89584076611,	 55,	 113644.35693925955,	 56
110443.26813432913,	 55,	 112254.39472417501,	 56
110554.33112010009,	 55,	 112064.218301367,	 56
111440.60572335996,	 55,	 112853.50325134308,	 56
112240.09530548159,	 55,	 113514.05138248956,	 56
112724.7379254317,	 55,	 114184.74898657526,	 56
113903.25481529745,	 55,	 114801.92821310669,	 56
113804.94916278325,	 55,	 115428.87269361936,	 56
113381.74245900674,	 55,	 115660.46554411578,	 56
112410.4284853807,	 55,	 113942.84405551385,	 56
111097.05185904632,	 55,	 112631.38905918242,	 56
111288.30020448596,	 55,	 111962.62299930528,	 56
110673.37359983975,	 55,	 112216.54641580324,	 56
112064.44499427712,	 55,	 113668.2405797418,	 56
112785.79071962241,	 55,	 114691.45375132092,	 56
113250.18312385966,	 55,	 114789.54166839762,	 56
113433.12612429686,	 55,	 115542.06203183359,	 56
113868.29923622738,	 55,	 115418.76674034531,	 56
113488.0214480668,	 55,	 115109.54426549945,	 56
113999.75553267084,	 55,	 116072.14501012104,	 56
114723.04180524823,	 55,	 116019.14688141503,	 56
115513.71960689269,	 55,	 116513.23738780385,	 56
115882.03550183831,	 55,	 117867.6594986792,	 56
116067.46740199656,	 55,	 117979.86025648964,	 56
116189.22146489962,	 55,	 117929.96339486493,	 56
116287.22766971236,	 55,	 117956.58085849542,	 56
116872.07979378484,	 55,	 118330.92256204957,	 56
117035.69926308237,	 55,	 118543.86800133759,	 56
117356.28290983094,	 55,	 118716.60372138767,	 56
117247.71750426202,	 55,	 118846.6040118626,	 56
116806.99084836776,	 55,	 118381.86116356676,	 56
116751.28152996817,	 55,	 118386.96466998025,	 56
117095.937774229,	 55,	 118807.53423824148,	 56
116569.01375161453,	 55,	 118060.00010494926,	 56
116227.03492206274,	 55,	 117834.29541860716,	 56
116437.56705980339,	 55,	 118048.06964892095,	 56
114859.87406317597,	 55,	 116374.67916379763,	 56
115168.87740597874,	 55,	 116758.068474494,	 56
113439.19272702324,	 55,	 115011.12320288115,	 56
113202.86581563123,	 55,	 114778.86505005759,	 56
113460.63364899972,	 55,	 116134.49212858657,	 56
113904.24335802195,	 55,	 114992.3849183661,	 56
114478.3673215868,	 55,	 116520.32609827719,	 56
114593.40370295673,	 55,	 116234.18219903062,	 56
116027.53168642195,	 55,	 117154.06109097028,	 56
115809.72033656877,	 55,	 117388.7783703063,	 56
116399.22254846462,	 55,	 117786.27511642274,	 56
116753.48656702325,	 55,	 118375.67693088116,	 1
116042.89085702325,	 55,	 118362.75700888116,	 1
114368.14355202325,	 55,	 118322.30705788116,	 25
114051.80449425199,	 55,	 117975.86969836868,	 40
114136.08997284138,	 55,	 118530.1268598192,	 53
115112.43130891393,	 55,	 119063.22537265427,	 53
114703.10309402301,	 55,	 118881.91600871933,	 53
114245.6558216455,	 55,	 118252.97594306267,	 55
114431.32268528121,	 55,	 118572.35569711107,	 57
114503.06944846464,	 55,	 118934.17588038367,	 57
115205.10474903844,	 55,	 119411.26126002212,	 57
115052.92160324976,	 55,	 119464.44355778009,	 57
115420.63605828221,	 55,	 120200.09403039729,	 57
116141.10435578521,	 55,	 120726.23502198902,	 14
116090.72696481067,	 55,	 120728.77659601379,	 16
116037.54226942005,	 55,	 120547.21290561097,	 34
116600.75401964699,	 55,	 121024.35821373836,	 55
116772.1200472759,	 55,	 121025.62427441201,	 57
115143.38594491708,	 55,	 119370.23558449128,	 57
115945.23334066932,	 55,	 120286.34256821749,	 57
116235.82416003926,	 55,	 120733.79709092314,	 57
116093.46959014132,	 55,	 120467.60420852913,	 57
117220.14675625712,	 55,	 121272.00219454156,	 57
117355.0124868547,	 55,	 121745.83768296661,	 57
116955.84514224154,	 55,	 121304.27331227677,	 57
116323.8381904162,	 55,	 121258.96199248896,	 57
116615.95316216483,	 55,	 121217.1763886507,	 57
115469.06738803271,	 55,	 119970.30985363951,	 39
116681.28529644168,	 55,	 120684.41448887796,	 26
117248.50479961745,	 55,	 120879.21322876401,	 44
115912.60974266111,	 55,	 119879.27159459704,	 51
115349.41133770699,	 55,	 118969.04580986116,	 52
115258.69934491212,	 55,	 119798.22782735093,	 55
116421.39929221872,	 55,	 120832.85831722262,	 57
116763.5625807623,	 55,	 120767.65679974388,	 57
116403.73530637981,	 55,	 120068.37187966426,	 57
116412.55952681944,	 55,	 120313.67769540803,	 57
117044.32060129444,	 55,	 121513.82097567347,	 57
117694.4847976731,	 55,	 121635.52370220514,	 57
117996.15678626487,	 55,	 122134.44398647736,	 57
117965.09528523621,	 55,	 121952.38462448843,	 57
117786.25486908686,	 55,	 121926.1701794954,	 57
117973.5218462565,	 55,	 121984.77036052007,	 57
117943.69410202323,	 55,	 121977.5701356856,	 57
116597.48160656297,	 55,	 120576.08033095676,	 57
117469.52959099988,	 55,	 121284.70023472101,	 42
117268.10992030887,	 55,	 121215.17425301191,	 53
116837.62715281994,	 55,	 120854.66174362286,	 56
117152.55052421299,	 55,	 120640.10203334676,	 57
116747.2844498199,	 55,	 120697.66698826758,	 57
117176.64224633547,	 55,	 121252.4653473958,	 57
116188.29219487098,	 55,	 120220.75634942707,	 57
116003.16259780382,	 55,	 119920.77760228954,	 57
115370.63331499993,	 55,	 119292.84781838539,	 57
115028.71279117228,	 55,	 119104.65238027686,	 57
115719.6889652339,	 55,	 120531.9337301188,	 57
116926.36080813852,	 55,	 120918.25021234967,	 38
116068.3206923734,	 55,	 120325.98279062913,	 9
115475.54922062333,	 55,	 120252.19665763518,	 30
115597.7253133677,	 55,	 120285.6427110469,	 54
116126.47228688301,	 55,	 120561.00209939927,	 56
116904.68997997844,	 55,	 122040.45475968026,	 56
117038.73890233583,	 55,	 121423.50345169296,	 56
117354.19027244538,	 55,	 122136.17730125882,	 56
117723.98279900808,	 55,	 122028.54537225528,	 57
116982.29514702324,	 55,	 121352.86987229224,	 57
116629.6701100768,	 55,	 120965.8266953694,	 57
116287.0538944199,	 55,	 120908.44955333389,	 15
114135.32877886677,	 55,	 120246.26945778103,	 24
114431.1958136041,	 55,	 120339.50832173426,	 38
114757.99271451331,	 55,	 120701.64749378493,	 42
115032.54848253443,	 55,	 120662.48866676063,	 55
114413.0880640208,	 55,	 120083.30666795447,	 56
114783.02710731978,	 55,	 120571.24350247245,	 57
113473.42750741381,	 55,	 119145.3488165266,	 57
113807.6478130804,	 55,	 119495.49093115667,	 57
114339.61996637819,	 55,	 120420.81225391605,	 57
115957.33075383972,	 55,	 121399.3662709028,	 57
116963.55987245166,	 55,	 122353.39665229172,	 57
116686.45517436496,	 55,	 122456.01391026625,	 57
117374.207593886,	 55,	 123451.34574909175,	 57
117789.32393438397,	 55,	 123633.51111942415,	 57
118015.93924271085,	 55,	 123798.26737490241,	 58
117501.02876827498,	 55,	 123332.72707940015,	 58
117278.14280857332,	 55,	 122816.91302909795,	 58
116601.02979730192,	 55,	 122230.5048436732,	 58
115349.09705006563,	 55,	 121004.39101060215,	 58
114600.32956305529,	 55,	 120168.6198294285,	 58
115262.44160782393,	 55,	 121765.52982786283,	 58
116730.63311860815,	 55,	 121909.62077023558,	 58
116419.59452447921,	 55,	 122014.69117256661,	 58
116697.16407449839,	 55,	 122420.39054758841,	 58
116233.24589754253,	 55,	 121965.12615875862,	 58
115884.9230480176,	 55,	 121616.67557105792,	 58
116357.78783354459,	 55,	 122077.21742094637,	 58
115498.49492366653,	 55,	 120964.66543105483,	 58
115014.88263965915,	 55,	 120831.85663511162,	 58
116724.45609397169,	 55,	 121298.07150137151,	 58
115482.96480694505,	 55,	 120990.92367505908,	 58
113912.1888247998,	 55,	 120306.18529786292,	 58
115529.31676364239,	 55,	 121219.41823048887,	 58
115604.150428482,	 55,	 121208.3982193587,	 58
115544.46633047634,	 55,	 121058.24952670239,	 58
116294.00367548749,	 55,	 121921.57308275058,	 58
115268.67265498784,	 55,	 120772.1428627174,	 29
112975.53975702325,	 55,	 119730.80843678885,	 44
109409.34168202324,	 55,	 116867.84997678884,	 56
104285.40992528107,	 55,	 112085.56547534533,	 56
103703.56864412484,	 55,	 111052.14748766167,	 58
104691.78562159052,	 55,	 113438.89741559028,	 59
110204.94912689073,	 55,	 115671.15821928601,	 59
110186.39081629155,	 55,	 118172.61347424267,	 59
109270.72094971468,	 55,	 117148.96491426976,	 59
106067.12489961367,	 55,	 113277.60764894185,	 59
108056.0282303007,	 55,	 114255.34327679548,	 59
108068.38431699433,	 55,	 115688.13909811804,	 54
106280.17575388888,	 55,	 114169.48154950442,	 55
107291.40748742477,	 55,	 115163.03357936484,	 58
107601.74785737226,	 55,	 115298.34107336575,	 58
107600.80269205236,	 55,	 115578.6488391986,	 58
108228.86965445234,	 55,	 115541.25253527412,	 59
108374.60416580057,	 55,	 115955.00243619533,	 59
109157.72836004072,	 55,	 117192.539394334,	 59
110049.06409412876,	 55,	 117641.65059533945,	 59
110282.36676381649,	 55,	 118100.0225856441,	 59
108680.31740028286,	 55,	 116188.66556894238,	 29
108685.28907711964,	 55,	 116264.67450303557,	 2
107731.53244838395,	 55,	 116058.01956225856,	 26
107426.37523661282,	 55,	 115992.47869038652,	 55
107107.01578149023,	 55,	 114887.2834136466,	 55
107068.41329598291,	 55,	 115457.70034525005,	 59
104424.44502172241,	 55,	 112898.81605708082,	 59
104209.41793819505,	 55,	 112742.38036577245,	 59
105618.95639842712,	 55,	 113957.93730875754,	 59
106371.62267125802,	 55,	 114903.12359415684,	 59
105695.96861104148,	 55,	 116811.29638559604,	 48
109134.67415474575,	 55,	 117687.5653635877,	 48
109490.44407449862,	 55,	 118081.1961379647,	 48
110463.98049858755,	 55,	 118554.67643014115,	 57
110810.00158227074,	 55,	 119222.90014474838,	 58
111675.58294269878,	 55,	 119729.12815747166,	 59
111591.4298720582,	 55,	 120037.80870554707,	 59
111114.9097598063,	 55,	 119332.31149233684,	 59
110644.69345215747,	 55,	 118683.54603307712,	 59
111522.08635301892,	 55,	 120101.97153855722,	 59
112163.97717929399,	 55,	 120398.3769143145,	 59
112385.34618561369,	 55,	 120723.49395041582,	 59
112566.63428330497,	 55,	 120835.09911769911,	 59
111966.8674798874,	 55,	 120290.84388179184,	 59
112219.49836559696,	 55,	 122138.12671908531,	 59
115114.55572112922,	 55,	 123323.60903324878,	 59
114883.918722354,	 55,	 123145.52543817936,	 59
114294.70543009123,	 55,	 122674.8975920591,	 59
114504.06593900673,	 55,	 124055.15242412733,	 59
115848.2707000023,	 55,	 124148.2736397567,	 59
115374.4035054568,	 55,	 123872.7216637956,	 59
116318.3105086871,	 55,	 125136.41184374661,	 59
116429.0266967512,	 55,	 125154.6080035374,	 59
116431.1196470141,	 55,	 124929.33254412712,	 59
116064.87053278337,	 55,	 124746.28383780435,	 59
115707.01839583543,	 55,	 124483.44872977854,	 59
115060.03793498686,	 55,	 123235.26195464651,	 59
115484.57241531936,	 55,	 123632.2609490093,	 59
115129.48750098296,	 55,	 123609.09130215266,	 59
113538.23525448659,	 55,	 121897.92581897398,	 59
112227.50760848033,	 55,	 120520.90357983396,	 59
113501.35545892743,	 55,	 120500.72447689844,	 59
113716.2565734104,	 55,	 122037.14872385608,	 59
114813.53310912095,	 55,	 123455.74141938507,	 59
115345.7525786626,	 55,	 123943.62045066223,	 59
115836.09835490701,	 55,	 124416.21931764015,	 59
115572.51772362366,	 55,	 124296.81023851114,	 59
115366.51744847759,	 55,	 123362.58444752778,	 59
115800.49840377546,	 55,	 124362.99920705154,	 59
115718.59430594617,	 55,	 124278.53205624472,	 59
115432.93601702325,	 55,	 123934.90533430586,	 59
115717.66776803712,	 55,	 125041.88655972455,	 59
115319.82567727269,	 55,	 123855.40812945206,	 59
113533.07271787668,	 55,	 122033.22455755442,	 59
115203.19557619053,	 55,	 123485.17634312507,	 59
114980.02432857506,	 55,	 123161.92095289488,	 59
113999.86663388157,	 55,	 122533.46522635738,	 59
113620.61657973142,	 55,	 121384.66201640098,	 59
113658.94322339016,	 55,	 122146.00304920904,	 59
111595.62702288764,	 55,	 119865.56148546404,	 59
110692.6030454472,	 55,	 119761.76198459063,	 59
113301.3740385318,	 55,	 121286.1007774523,	 59
113732.1137136249,	 55,	 123292.68864663772,	 59
113311.3131267103,	 55,	 121655.42692258426,	 59
111311.71499759129,	 55,	 119505.75985305605,	 59
111441.3236640084,	 55,	 120396.89692120596,	 59
112545.47802343988,	 55,	 120824.16479782978,	 59
113370.48309577395,	 55,	 121895.06631586434,	 24
114292.20417434584,	 55,	 122191.6778994215,	 36
113907.84070316509,	 55,	 121744.7228656383,	 51
114657.59210463338,	 55,	 122769.10194618354,	 57
114493.07348946604,	 55,	 122399.18693039469,	 58
113422.66134520761,	 55,	 121300.46033295602,	 58
111109.16126861781,	 55,	 118653.65833212831,	 58
111339.81433595755,	 55,	 119251.89672091724,	 58
109991.2160521678,	 55,	 118039.60427327626,	 58
107660.57458684842,	 55,	 115283.44534623723,	 59
106594.7355450668,	 55,	 114053.90833523523,	 59
105627.74921329605,	 55,	 113022.83882157344,	 59
106928.10477426591,	 55,	 114059.43589267305,	 59
104963.66167468746,	 55,	 112204.60552100696,	 59
105694.23274375038,	 55,	 111809.95897490125,	 59
104417.72087651448,	 55,	 110675.08426470292,	 59
104170.98745362772,	 55,	 111720.79123443522,	 59
101412.91039281164,	 55,	 109463.70904789894,	 59
103523.71940428334,	 55,	 110922.12835792683,	 59
105536.03439128216,	 55,	 113100.96912207502,	 59
104231.17994517203,	 55,	 111506.32125364526,	 59
104845.34257175139,	 55,	 112909.8209902223,	 59
104409.2300565639,	 55,	 111717.21465841577,	 59
104827.30608838573,	 55,	 112177.32151125302,	 59
107714.99261614596,	 55,	 113456.5955279331,	 59
107130.6905182272,	 55,	 114618.4467967218,	 59
105543.74688134404,	 55,	 112809.17234901633,	 59
106171.76579333286,	 55,	 112026.82598708758,	 59
105956.04741753767,	 55,	 113797.52309719393,	 59
104204.94584235884,	 55,	 111323.67589693147,	 59
102455.92777207114,	 55,	 108705.31591041687,	 59
102507.6998458476,	 55,	 109297.39447639837,	 54
102819.51580741038,	 55,	 110007.55171727654,	 57
101245.01095174481,	 55,	 107952.31888362167,	 57
102853.64169016479,	 55,	 109090.57102717758,	 58
104704.19056824787,	 55,	 111583.10903785752,	 58
106005.3652390304,	 55,	 113478.52624466052,	 58
106395.40316732704,	 55,	 113826.12632399074,	 58
106207.71610665605,	 55,	 113543.58949251095,	 58
106896.16366201098,	 55,	 114633.46311251499,	 58
106609.52168403227,	 55,	 114046.17833167137,	 58
105245.26027162567,	 55,	 112487.24905566197,	 58
107470.18014755804,	 55,	 115185.20202248702,	 58
108092.91440115192,	 55,	 115492.31645853182,	 58
107279.58810814506,	 55,	 114679.77555264688,	 58
108526.70400069549,	 55,	 116508.15296616852,	 58
109493.35642010179,	 55,	 117221.9035435405,	 58
110054.46177393204,	 55,	 117634.41334256929,	 59
110935.67277497752,	 55,	 117924.48446313896,	 59
110590.19108495723,	 55,	 118371.45149886076,	 59
109814.32202525306,	 55,	 117312.9015025218,	 59
109971.515472937,	 55,	 117988.92906694465,	 59
110350.0320009054,	 55,	 117847.3841764624,	 59
111659.52311175842,	 55,	 119189.51850657891,	 59
112057.26303246648,	 55,	 119671.83511233429,	 59
111548.10415618078,	 55,	 119172.4849790733,	 59
111754.64950735866,	 55,	 119782.66907879413,	 59
112800.02794041946,	 55,	 120343.39036967435,	 59
113395.2798833209,	 55,	 121319.75532824015,	 59
113711.62490832624,	 55,	 121329.7836426641,	 59
113647.26717042478,	 55,	 121144.65581880056,	 59
113001.05910141661,	 55,	 120761.67004700072,	 59
112859.62793107904,	 55,	 120287.4457828718,	 59
112780.29658703941,	 55,	 120770.55634665377,	 59
113842.047859716,	 55,	 121088.60909011614,	 59
114227.18050736834,	 55,	 122094.33046813421,	 5
114248.72541025448,	 55,	 122109.6079562679,	 30
113476.66234455875,	 55,	 122482.42952534933,	 34
114587.51031683161,	 55,	 122256.27195977945,	 40
113427.63899542479,	 55,	 121389.95339527115,	 50
113456.25760371923,	 55,	 122200.54849302865,	 50
112945.67792053235,	 55,	 121037.65594006176,	 1
113419.04830645169,	 55,	 121042.92796252247,	 1
113316.99048753081,	 55,	 121032.36130200073,	 52
113665.19809957266,	 55,	 121159.78789667191,	 56
115537.807751152,	 55,	 122572.44662472399,	 57
115331.74242406659,	 55,	 123044.81899952677,	 58
115275.42079411198,	 55,	 123099.35079085072,	 58
115134.09938370166,	 55,	 123084.38709727398,	 58
116122.19636449823,	 55,	 124165.22728706797,	 58
116316.06919776481,	 55,	 124305.9720845072,	 58
115902.51358925023,	 55,	 123780.7958699543,	 58
115797.02293639946,	 55,	 123429.52209249545,	 32
115758.04330148778,	 55,	 123385.495351779,	 3
115754.98146958367,	 55,	 123404.41628341774,	 3
116137.92183882519,	 55,	 123753.4304420821,	 53
115044.05358301841,	 55,	 122748.91567070642,	 53
113994.34144638595,	 55,	 122027.44070266966,	 53
115043.3020975601,	 55,	 122579.81171288148,	 57
114223.1889501935,	 55,	 121877.10510525943,	 58
113765.66113774385,	 55,	 121189.46264401545,	 58
113537.86903868192,	 55,	 121330.79728657825,	 58
114144.10264274428,	 55,	 120709.72480218454,	 58
114084.61992785987,	 55,	 121615.62678414464,	 58
114497.93991849718,	 55,	 123152.62302090185,	 58
114555.68871202324,	 55,	 122144.87903684448,	 58
114284.52368501555,	 55,	 121923.88738139559,	 58
113429.27529136628,	 55,	 120977.95542072268,	 58
114659.78333372097,	 55,	 121725.06645554848,	 58
113545.4225100215,	 55,	 120909.6874663785,	 58
113302.02917731213,	 55,	 120521.18303630874,	 58
112676.41437705218,	 55,	 120078.58856336329,	 58
113538.7141958771,	 55,	 121179.3559859167,	 58
113626.93098859556,	 55,	 121184.88770724501,	 58
113994.95948026222,	 55,	 121928.58796908522,	 58
115408.25656966215,	 55,	 123194.05105756145,	 58
115847.06912346114,	 55,	 123521.71491887604,	 58
116199.8809432394,	 55,	 123929.21960022015,	 58
116205.48999960898,	 55,	 123971.61314105269,	 58
116324.48328071822,	 55,	 124053.55583933873,	 58
115945.71897644432,	 55,	 124429.57307861815,	 58
115972.39284062317,	 55,	 124040.24668416509,	 59
116862.26172472563,	 55,	 124699.865705206,	 59
117112.90968613709,	 55,	 124824.38934903058,	 59
117322.52534836059,	 55,	 125083.91354343103,	 59
117030.5561967294,	 55,	 124989.86498763593,	 59
116265.98230478744,	 55,	 123781.2760958744,	 59
115349.46005570135,	 55,	 122951.22051140596,	 59
114749.54614629714,	 55,	 122119.18536788365,	 59
114918.15331994682,	 55,	 122495.3966232079,	 59
114363.6760491013,	 55,	 122495.33567315685,	 59
114571.13090651663,	 55,	 122423.13352897555,	 59
115218.50552031162,	 55,	 123167.97544183418,	 59
115653.96254335577,	 55,	 123430.33071062289,	 59
115684.5533796723,	 55,	 123310.92944714116,	 3
116357.57742342635,	 55,	 123278.77299794725,	 37
112994.3129628787,	 55,	 120588.6832992166,	 46
110766.45129365311,	 55,	 118895.94493744841,	 53
111974.48927922425,	 55,	 119696.3091948049,	 55
114465.95222174686,	 55,	 122004.78124129583,	 58
116206.2459017224,	 55,	 123468.50210493476,	 58
116441.63099242526,	 55,	 124529.75371860502,	 58
115720.73685691596,	 55,	 123904.07319898774,	 58
115125.5486804637,	 55,	 123794.31397843455,	 58
116163.1513574993,	 55,	 124241.69014187308,	 58
117873.90556331507,	 55,	 125482.39678294642,	 59
118489.26957784333,	 55,	 126569.25103619172,	 59
118777.5365772711,	 55,	 126974.96628360063,	 59
119221.15105125493,	 55,	 127674.24510598807,	 59
119747.48374608575,	 55,	 128350.22561532797,	 59
119687.38867718611,	 55,	 128014.66158422078,	 59
120024.79112604367,	 55,	 128324.56710892159,	 59
119831.71885589379,	 55,	 128213.19227069769,	 59
120422.37250573986,	 55,	 128532.51681631904,	 59
120088.90598763223,	 55,	 128286.9127398429,	 59
120073.12845249803,	 55,	 128907.00187232599,	 59
119952.1459694945,	 55,	 128397.25108771813,	 59
120021.8335191934,	 55,	 128367.63336813278,	 59
120152.82438645238,	 55,	 128094.63401477835,	 59
120327.63662308015,	 55,	 128137.94649410273,	 59
120249.30035867149,	 55,	 128644.99371801942,	 59
120350.23461169944,	 55,	 128562.3123152585,	 59
119351.76272996116,	 55,	 127937.8189718328,	 59
119406.77345790526,	 55,	 128248.89314230865,	 59
119906.96337030605,	 55,	 128275.54125058553,	 59
120805.35696983713,	 55,	 128739.7112074247,	 59
120925.53685966645,	 55,	 129299.80454495718,	 59
120858.30842120119,	 55,	 129344.66041709724,	 59
120510.87963348621,	 55,	 128877.27328150664,	 59
121084.04796976298,	 55,	 129628.90296133567,	 59
121001.46356059851,	 55,	 129388.92370417948,	 59
121400.67009857418,	 55,	 129802.56370602828,	 59
120808.32225618657,	 55,	 129205.03248411459,	 59
120460.11497012862,	 55,	 128643.43853929167,	 59
121182.77474545261,	 55,	 129696.26046719844,	 59
120830.0036550649,	 55,	 129437.30005416975,	 59
121039.15776288026,	 55,	 129348.83449128598,	 59
121287.46355278051,	 55,	 129708.85169681831,	 47
120541.59234614203,	 55,	 128964.73173806828,	 57
120393.42016234635,	 55,	 128912.80289304271,	 57
119904.12283216107,	 55,	 128447.78553561366,	 58
120853.27151306499,	 55,	 129152.8822666191,	 58
120458.53521874119,	 55,	 129170.425766664,	 58
120199.0072801179,	 55,	 128533.9443918052,	 58
119797.65763288713,	 55,	 128206.79195224725,	 58
120684.75626172859,	 55,	 129370.91141384745,	 58
120755.9890627429,	 55,	 129584.00648496296,	 58
121046.24014552872,	 55,	 129800.57781015855,	 58
120799.05163421824,	 55,	 129353.15640048144,	 58
118039.94410202323,	 55,	 126420.60274409661,	 58
117642.98509848659,	 55,	 125962.58607384648,	 58
117951.43631752282,	 55,	 126014.49490959661,	 59
117808.63859788465,	 55,	 126038.95914435887,	 59
118942.07018503752,	 55,	 127048.54846607713,	 59
118240.2598590943,	 55,	 126995.09014871692,	 59
118655.62432063516,	 55,	 127018.20243944938,	 59
118682.3448502225,	 55,	 127108.10226390467,	 59
119006.89343525462,	 55,	 127845.13674695727,	 59
120506.99412523358,	 55,	 129180.44768359684,	 59
120041.27829177593,	 55,	 128550.52434755546,	 59
119043.9804479531,	 55,	 127461.5005074066,	 59
119723.057352888,	 55,	 127447.46951332926,	 59
120307.25303196552,	 55,	 128442.07554790463,	 59
119102.71909627716,	 55,	 127708.40623959218,	 59
119774.64859919084,	 55,	 128540.30953492562,	 17
119856.5606716234,	 55,	 128320.11889916795,	 51
118936.08050450048,	 55,	 127915.15459762535,	 55
119764.73575815931,	 55,	 128286.26755978334,	 58
119630.56976626124,	 55,	 128335.75344592948,	 59
119319.67926658822,	 55,	 127646.67350310997,	 59
119837.77430778032,	 55,	 128643.22826321668,	 59
118253.52764493792,	 55,	 126662.55727688143,	 18
118613.46799246312,	 55,	 126839.20745825443,	 32
117433.99213377813,	 55,	 126283.33828592135,	 51
118324.28975702325,	 55,	 126711.55848779585,	 55
117901.8958628443,	 55,	 126291.98886897521,	 57
118626.57733693665,	 55,	 126957.10093534007,	 57
118822.48505552727,	 55,	 127065.78233611942,	 58
118652.0190307506,	 55,	 126967.83496594656,	 58
118532.89897185328,	 55,	 127108.44588077704,	 58
119188.16732065681,	 55,	 127721.57746200288,	 58
118842.10501132155,	 55,	 127255.32790163298,	 59
118578.12708250491,	 55,	 126939.61496414516,	 59
118322.72229462965,	 55,	 126673.19380062443,	 59
117661.50758974916,	 55,	 125985.11169930469,	 59
117914.70139474716,	 55,	 126251.87830588447,	 59
117129.15154899373,	 55,	 124775.44495517851,	 59
116353.82786215346,	 55,	 124593.2932528187,	 59
115736.76123176671,	 55,	 123902.10577653922,	 59
115651.00717120383,	 55,	 123828.12712024713,	 59
116891.22579516367,	 55,	 126028.87277075075,	 59
118372.81889148672,	 55,	 126508.5571184473,	 59
119737.6974540527,	 55,	 128198.06340873233,	 59
119652.89428590897,	 55,	 128359.14584736282,	 59
119926.73286974906,	 55,	 127986.6760523047,	 59
119727.19276079793,	 55,	 128373.58243179179,	 59
120721.93006968906,	 55,	 128939.950423735,	 59
120510.75366005399,	 55,	 129140.65361333918,	 59
121262.70449030769,	 55,	 129550.61366115886,	 6
120958.09455505034,	 55,	 129547.33930535134,	 4
121488.819703667,	 55,	 129579.1256867124,	 45
121897.61265981749,	 55,	 129965.36862491572,	 56
121827.43031373597,	 55,	 129911.72493195267,	 57
122527.26661563867,	 55,	 130399.24959944008,	 57
122030.70346407795,	 55,	 129959.09213106646,	 57
122234.33553223751,	 55,	 129870.47959753139,	 24
121944.94410202323,	 55,	 129852.22703363746,	 57
121385.76737775908,	 55,	 129286.71560997558,	 57
121437.22360654757,	 55,	 129282.87128715667,	 58
122233.85005558364,	 55,	 130022.10091367102,	 58
122494.92126536433,	 55,	 130338.54193748128,	 58
123104.54355392254,	 55,	 130962.55783965366,	 58
124271.31262317326,	 55,	 132255.88819589914,	 58
125119.61774687735,	 55,	 132887.2080372417,	 58
124927.3522558833,	 55,	 132990.63994370916,	 58
125495.93151876154,	 55,	 133746.95126210267,	 58
124928.56649021979,	 55,	 132751.14075561083,	 58
125388.9654427695,	 55,	 133279.41430350923,	 58
125083.90300158826,	 55,	 133163.37566610053,	 58
125251.87478011206,	 55,	 133493.4271357338,	 58
125875.4082989341,	 55,	 133986.94581075956,	 58
125593.99182564183,	 55,	 133700.086023713,	 58
125143.88881475409,	 55,	 133259.34136383404,	 58
125267.3259726408,	 55,	 133356.38711792012,	 58
125767.50339929188,	 55,	 133828.38867592916,	 58
124733.5067087967,	 55,	 132769.86450437419,	 58
124628.16313702456,	 55,	 132630.52334266194,	 58
124014.45900135709,	 55,	 131917.53604211097,	 58
124912.01130786727,	 55,	 133157.32358030186,	 58
125770.21679652177,	 55,	 133818.49417913903,	 58
125755.6639852645,	 55,	 133761.49995458283,	 58
126145.09163794732,	 55,	 133931.3306764026,	 58
125799.88546702325,	 55,	 133916.9889772276,	 58
125715.98095703231,	 55,	 133774.01574030475,	 58
125378.8523901471,	 55,	 134153.3045663599,	 58
125143.22627727877,	 55,	 133085.21112087736,	 58
125987.5005193842,	 55,	 134148.72769920918,	 42
125697.2803312526,	 55,	 133756.196830096,	 16
125534.01391995786,	 55,	 133775.5633341474,	 56
125467.05665854014,	 55,	 133651.99090791994,	 57
125919.93961401511,	 55,	 133860.2640024349,	 58
125275.55206719026,	 55,	 133637.0792397222,	 58
125797.72204475966,	 55,	 134169.9301174161,	 59
127242.90594591778,	 55,	 135576.03406903998,	 59
127280.59276005982,	 55,	 135515.14536511747,	 35
127084.93967107697,	 55,	 135366.033057947,	 55
125838.8899286779,	 55,	 134632.50533086123,	 57
126037.04522795841,	 55,	 134472.04704571946,	 58
126152.94953622181,	 55,	 134393.7570528892,	 58
126122.89161254156,	 55,	 134377.42417614374,	 59
126984.75207980134,	 55,	 135286.564914769,	 59
126985.58552637177,	 55,	 135237.97767011917,	 59
127035.7455205064,	 55,	 135280.93386326503,	 59
126816.71350035767,	 55,	 135357.91668723174,	 59
127720.6019932937,	 55,	 136177.80227789585,	 59
128126.51318244929,	 55,	 136502.53553247236,	 59
128768.94830076628,	 55,	 137274.22834115173,	 59
129111.7129586157,	 55,	 137238.11367101048,	 59
130031.29362802411,	 55,	 137966.26726047852,	 59
129824.57540890202,	 55,	 138129.79349580023,	 59
130042.9008532044,	 55,	 138439.13033546243,	 59
130816.91012772742,	 55,	 139567.84014948216,	 9
130745.51199323252,	 55,	 139541.91418757325,	 6
130988.57948955889,	 55,	 139511.48951515037,	 2
130467.05355564026,	 55,	 139494.1964119251,	 1
131009.7705985796,	 55,	 139477.07011754412,	 4
130877.79232045596,	 55,	 139476.20173347188,	 12
132018.89733869786,	 55,	 139910.23773546418,	 45
131990.37472204585,	 55,	 139287.88541077316,	 52
131683.0550187232,	 55,	 139181.48463814968,	 54
131432.91054372303,	 55,	 138899.68122014042,	 57
131141.49203023053,	 55,	 138417.32953919144,	 58
130918.21975157618,	 55,	 138191.59113677367,	 58
130780.88848497997,	 55,	 138083.10178364493,	 58
131265.8275482874,	 55,	 138684.07634504398,	 58
131530.07323015225,	 55,	 138785.8153012126,	 58
131037.4121987829,	 55,	 138363.679175684,	 58
132027.51925776422,	 55,	 138965.22744802246,	 58
131959.69942330732,	 55,	 139156.2252211264,	 58
131798.37113679323,	 55,	 139120.16095842022,	 58
131368.80781850906,	 55,	 138694.9673310125,	 58
129908.80131419588,	 55,	 137066.00173741308,	 58
129821.9058336092,	 55,	 136796.46717220393,	 58
129846.81330120155,	 55,	 137182.01727533143,	 58
129593.42407061912,	 55,	 136658.83771223135,	 58
129395.05720798299,	 55,	 136405.2058880152,	 58
129662.89179356291,	 55,	 137454.14334040575,	 58
130708.39216713778,	 55,	 137716.9508136568,	 58
131022.75357509444,	 55,	 138286.42768730663,	 58
130954.44082149686,	 55,	 138217.01889089728,	 58
130324.13770547036,	 55,	 137399.14391070127,	 58
130376.68663398645,	 55,	 137653.8857218724,	 58
130332.99002734365,	 55,	 137651.83677190536,	 58
130370.58164968847,	 55,	 137839.11821340577,	 58
130559.82896898098,	 55,	 137702.45957179638,	 58
130394.46212742693,	 55,	 137885.0016448851,	 58
130332.49887487442,	 55,	 137434.4399583513,	 58
129913.61192550046,	 55,	 137051.64812881005,	 58
129102.63816202324,	 55,	 136263.4692505152,	 58
129551.43424760259,	 55,	 136902.60380161836,	 58
129704.78412942938,	 55,	 136997.2881800671,	 58
129531.35067059037,	 55,	 136690.39003948474,	 58
130093.98272498383,	 55,	 137274.01613309176,	 58
130165.39286192061,	 55,	 137290.26677335703,	 58
131502.61789097288,	 55,	 138720.86698546258,	 58
132054.89710025757,	 55,	 139518.99721272915,	 58
132285.51575901316,	 55,	 139620.91999687522,	 58
132152.36203982087,	 55,	 139706.52817938983,	 58
132110.8406554303,	 55,	 139375.80131513136,	 58
132206.72411280722,	 55,	 139685.2007896319,	 58
132364.30085877833,	 55,	 139584.55567878633,	 58
132063.82184324937,	 55,	 139566.5507433955,	 58
131958.0978431595,	 55,	 139487.19520408238,	 58
132857.28013879925,	 55,	 140316.20205666052,	 58
132918.81764836976,	 55,	 140068.91381908584,	 58
132737.08195198962,	 55,	 140182.65779434005,	 58
132741.2714290042,	 55,	 140153.91633538943,	 58
132252.54524268847,	 55,	 139420.30148042965,	 58
132479.37128527038,	 55,	 139780.9440368127,	 58
132927.63900540065,	 55,	 140366.9029138935,	 58
132921.89510530236,	 55,	 140403.27576109563,	 58
130626.61576332308,	 55,	 137849.4301332015,	 58
130561.56265436437,	 55,	 138204.5272662142,	 58
131696.43360796006,	 55,	 139244.06856581435,	 58
132363.7615498456,	 55,	 139847.74312932912,	 58
132821.07041561278,	 55,	 140168.99428350004,	 58
133025.59200324168,	 55,	 140277.65940913133,	 58
133527.28854484667,	 55,	 140914.26258497342,	 58
133750.95415232563,	 55,	 141267.50113538772,	 58
133547.80677851263,	 55,	 141127.72016097652,	 58
133581.83597651112,	 55,	 140730.06201370695,	 58
134438.30274264875,	 55,	 142088.27917042907,	 58
134578.96710538203,	 55,	 142130.54817243307,	 58
134904.36400789788,	 55,	 142472.0919552549,	 58
134561.50780582277,	 55,	 142078.45525357482,	 58
134728.77187475708,	 55,	 142100.97799265813,	 58
134784.62932983183,	 55,	 142230.42001672936,	 58
134038.33560440748,	 55,	 141638.4374651746,	 58
134400.77377024142,	 55,	 141669.91675754864,	 58
134943.7564620919,	 55,	 142443.12032299634,	 58
134659.116735724,	 55,	 142063.26208185498,	 58
134469.30999603198,	 55,	 141933.96439889565,	 58
134365.89303049273,	 55,	 141924.88293323296,	 58
135619.8269546596,	 55,	 143148.78429499432,	 58
135043.38448178832,	 55,	 142521.6679979739,	 58
134884.55521159474,	 55,	 142438.95248123232,	 58
134866.378015524,	 55,	 142367.37251058867,	 58
134785.18581036612,	 55,	 142220.2987828751,	 58
135052.73631269604,	 55,	 142611.08679936134,	 58
134076.28442202322,	 55,	 141508.40530651517,	 58
134635.78680830303,	 55,	 142190.9591402295,	 58
133724.18144394076,	 55,	 141011.40542794517,	 58
134235.40007878284,	 55,	 141681.42241878252,	 58
134605.45663422774,	 55,	 142052.36859620517,	 58
134795.55547567803,	 55,	 142256.36015836956,	 58
133469.2491012554,	 55,	 140881.6495452068,	 58
134307.98381862103,	 55,	 141406.81841290827,	 58
134516.63845602167,	 55,	 141742.56711110263,	 58
133995.13644066447,	 55,	 141671.80673127083,	 58
135079.31608912745,	 55,	 142610.68366338426,	 58
135483.45986742814,	 55,	 143099.76032234041,	 58
135739.5530988004,	 55,	 143649.39477135197,	 58
136192.3823970273,	 55,	 143747.63520235187,	 58
136221.0861190444,	 55,	 143754.01642226672,	 58
136839.08638587318,	 55,	 144274.7712393016,	 58
137018.0118668607,	 55,	 144623.35968564614,	 58
136877.8651044932,	 55,	 144309.96563982882,	 58
136804.96646066205,	 55,	 144316.48322029962,	 58
137192.96532108763,	 55,	 144778.40796539924,	 58
137235.59043985137,	 55,	 144797.73631880118,	 58
137093.12639853384,	 55,	 144034.17638512843,	 58
136796.59239618853,	 55,	 144517.08766568053,	 58
136815.36147160365,	 55,	 144421.60194419482,	 58
137127.95557505387,	 55,	 144584.44918493173,	 58
136774.81233119365,	 55,	 144808.75050904384,	 58
136829.3512854738,	 55,	 144429.03410171505,	 58
137150.65194659814,	 55,	 144578.33145424127,	 58
137328.39257887672,	 55,	 145015.96704498446,	 58
137017.8318232956,	 55,	 144482.72058369537,	 58
136562.87780250493,	 55,	 144213.65330209708,	 58
135095.39792770246,	 55,	 142582.93010674836,	 58
135266.86580941835,	 55,	 142677.60241795686,	 58
136039.19374360028,	 55,	 144176.52171940138,	 58
136518.2465518543,	 55,	 143964.39144962974,	 58
136551.72944852474,	 55,	 144328.5678435391,	 58
134660.94140702323,	 55,	 142124.9526725152,	 58
134243.1911290042,	 55,	 141784.69102800087,	 58
134462.98736132542,	 55,	 141885.16454132844,	 58
135074.08517739267,	 55,	 142612.474034405,	 58
135406.4793882287,	 55,	 142923.88976511895,	 58
135138.1988881495,	 55,	 142576.89159948847,	 58
135339.4528811172,	 55,	 142861.84362453935,	 58
135270.61836203755,	 55,	 142756.31472503307,	 58
134609.78111941408,	 55,	 142241.57796060384,	 58
135733.1246991619,	 55,	 143545.12084533751,	 58
136929.61784849598,	 55,	 144290.3097852946,	 58
137108.4526736426,	 55,	 144706.23181676562,	 58
136181.38001842418,	 55,	 143557.85972202505,	 58
136503.98818580876,	 55,	 143899.54672237017,	 58
136395.5355009483,	 55,	 143954.3589154354,	 58
136363.25643816666,	 55,	 143848.12569648438,	 58
137143.10019814523,	 55,	 145447.78298669413,	 58
138094.39191032472,	 55,	 145759.89628240577,	 58
138248.90160366343,	 55,	 145918.18240592783,	 58
138174.5719503812,	 55,	 145758.9174273242,	 58
138153.09422506733,	 55,	 146149.48785400222,	 58
138564.90956026292,	 55,	 146379.49290569016,	 58
138749.83207985054,	 55,	 146393.9682328724,	 58
138749.0802926166,	 55,	 146467.57049758633,	 58
138476.7945343475,	 55,	 146200.36356821234,	 58
138336.12814165675,	 55,	 146178.11190702624,	 58
137991.0602210744,	 55,	 145768.73708527145,	 58
138263.3788775516,	 55,	 145969.85144581468,	 58
138652.64024021983,	 55,	 146515.99464495183,	 46
138685.85604974092,	 55,	 146670.72382858535,	 51
139038.52450648326,	 55,	 146879.41332573546,	 56
139942.17362363188,	 55,	 147239.78288825968,	 56
140380.75814395322,	 55,	 147781.36178915255,	 56
140282.05998818332,	 55,	 147972.1608299406,	 56
140728.91738616134,	 55,	 148665.7931929698,	 56
141048.83473592327,	 55,	 148825.30364628567,	 57
140883.47071032823,	 55,	 148423.66588272725,	 57
141092.16779541137,	 55,	 148739.16757570903,	 57
141515.7455619793,	 55,	 149033.3161323026,	 57
141284.9410702821,	 55,	 148812.61280762946,	 58
141411.2115473741,	 55,	 148989.0584909653,	 58
141528.6324767848,	 55,	 149176.53792861494,	 58
141632.14101288846,	 55,	 149268.35684685138,	 58
141828.71165751183,	 55,	 149498.27585295748,	 58
141520.43590530194,	 55,	 149164.67608083258,	 58
142317.89851212883,	 55,	 150157.2073286848,	 58
142068.56900477578,	 55,	 149698.43655343654,	 58
142209.6172631961,	 55,	 149868.56801524194,	 58
141173.76677368328,	 55,	 148802.46136513926,	 58
141819.76560317315,	 55,	 149441.69727427093,	 58
142499.13322500393,	 55,	 150319.25569245976,	 58
142408.396300893,	 55,	 150033.89736606923,	 58
142615.67334345856,	 55,	 150275.3491747748,	 58
142772.99178626857,	 55,	 150426.30336825372,	 58
142156.53901657817,	 55,	 150325.4690741067,	 58
142845.98661537518,	 55,	 150740.47601586874,	 58
143341.00309136222,	 55,	 151014.92980629014,	 58
143439.59929685967,	 55,	 150972.273949901,	 58
143579.42253189784,	 55,	 151226.87195294385,	 58
142915.22118949992,	 55,	 150687.12446517753,	 58
142873.9780778026,	 55,	 150415.4099157662,	 58
142633.5840453931,	 55,	 150516.13994983505,	 58
142586.5325478837,	 55,	 150018.92851240348,	 58
141920.03296545846,	 55,	 149605.55732111033,	 58
142754.8711883211,	 55,	 150542.85341099076,	 58
142782.65701562644,	 55,	 150496.91157911494,	 58
143022.4273049861,	 55,	 150555.6398675434,	 58
143521.4875942785,	 55,	 151542.37564000918,	 58
143834.9746963555,	 55,	 151564.94745232488,	 58
144034.373018181,	 55,	 151837.74506129956,	 58
144053.03654487754,	 55,	 151739.3360098345,	 58
145314.83723873875,	 55,	 152653.65727497148,	 8
145365.55212493677,	 55,	 152890.88386338073,	 48
146289.92686697814,	 55,	 153686.93726754535,	 48
145869.64770019922,	 55,	 152046.268599296,	 53
146163.1322483482,	 55,	 153631.84138117975,	 56
145542.01681845816,	 55,	 153032.19515703214,	 58
145470.05947809003,	 55,	 153005.79916633092,	 58
145835.302944454,	 55,	 153362.33075578613,	 58
146822.69329697062,	 55,	 154035.85369392313,	 58
147088.78111587316,	 55,	 154833.59158525002,	 58
147504.8574223917,	 55,	 155052.49707318612,	 58
147467.14624702325,	 55,	 155023.84784137967,	 58
146870.94140702323,	 55,	 154395.1227373797,	 58
147994.4701035949,	 55,	 154874.7151733835,	 58
148898.6361817452,	 55,	 156572.14712853802,	 58
148469.2995565837,	 55,	 156073.34601643716,	 58
148205.35655709452,	 55,	 155909.36387522327,	 58
148650.39720159385,	 55,	 156201.64237258854,	 58
148479.10753801497,	 55,	 156067.0878730985,	 58
148311.15779015495,	 55,	 156031.27273902556,	 58
148471.28466274717,	 55,	 156008.19516666082,	 58
148568.54749184372,	 55,	 156247.7887115931,	 58
148058.94674202325,	 55,	 155647.92836337967,	 58
148837.92203186636,	 55,	 156658.64399836722,	 58
149652.4297881575,	 55,	 157144.43569215134,	 58
150583.25215585364,	 55,	 158452.70059140676,	 13
151158.70656500998,	 55,	 158598.71623646867,	 7
152006.88796045078,	 55,	 158614.62340734754,	 14
152312.9919899357,	 55,	 158669.17624260386,	 46
151888.9708564979,	 55,	 158486.03123961424,	 52
152891.6015702783,	 55,	 159294.4757473519,	 53
153521.07601219683,	 55,	 160634.6449551953,	 57
153433.27808858934,	 55,	 159961.56833479993,	 57
154204.45899650778,	 55,	 161315.31051085494,	 57
154870.4186406279,	 55,	 161299.19466596437,	 57
155225.9933540334,	 55,	 161591.1037415805,	 57
155501.62993857477,	 55,	 163039.01653986634,	 57
157061.10956982712,	 55,	 163674.30068666305,	 57
156728.00149228738,	 55,	 163078.0889455071,	 57
156811.17344044393,	 55,	 163670.85155185487,	 57
158056.53176926743,	 55,	 165034.53648026928,	 57
157847.23734022796,	 55,	 164393.55115505712,	 57
156129.79942173188,	 55,	 162583.81859095057,	 57
156282.05683967329,	 55,	 162334.8489689655,	 57
156003.63952685194,	 55,	 162300.93183260245,	 57
152822.32353987356,	 55,	 159280.17649865322,	 57
146229.53972655334,	 55,	 152774.712344584,	 57
145583.5308685075,	 55,	 153509.4359571303,	 57
148499.00142901542,	 55,	 154684.27781406592,	 57
142953.88289145508,	 55,	 148946.7426183881,	 57
140542.6895436115,	 55,	 149418.02768583002,	 57
146448.9664396643,	 55,	 151944.7414413284,	 57
146617.65174134003,	 55,	 153359.27699238114,	 57
149344.70152382157,	 55,	 155518.8897396529,	 57
150358.94875850194,	 55,	 155247.6900725976,	 57
151092.90068384426,	 55,	 157193.4986710161,	 57
150203.85030720526,	 55,	 156357.88064814074,	 57
149583.25937609232,	 55,	 155820.7933197805,	 57
149655.58283121817,	 55,	 155962.3498329021,	 57
151954.78309369666,	 55,	 158062.1551086946,	 57
153877.58493615067,	 55,	 159270.8697879326,	 57
151942.89567652383,	 55,	 158268.8307249664,	 57
150260.8397596675,	 55,	 156528.22323949033,	 57
147396.55877675937,	 55,	 153552.50350706902,	 57
148005.0262366002,	 55,	 153607.03824938106,	 57
148514.6015254852,	 55,	 154564.64952985203,	 57
150166.4679565691,	 55,	 156516.81295590408,	 57
150402.92088529374,	 55,	 156127.73682358087,	 57
150759.17298813345,	 55,	 157653.18761567387,	 57
152379.90955775604,	 55,	 159559.92613277567,	 57
153995.41616678008,	 55,	 160357.50017265606,	 57
152846.7517383787,	 55,	 159468.35550570232,	 57
152064.43423953568,	 55,	 158308.17475982156,	 31
152027.87484872644,	 55,	 158211.70631344512,	 38
152340.66070435173,	 55,	 158562.82491423964,	 50
149995.36358511276,	 55,	 155711.0680824439,	 51
150227.39098291993,	 55,	 156817.5328868701,	 51
150061.30233326,	 55,	 156523.1985195332,	 51
146375.4480389687,	 55,	 152998.40250660802,	 55
143335.74319650084,	 55,	 149948.16876434657,	 15
146866.32779704183,	 55,	 151128.97401070173,	 53
144701.71620651585,	 55,	 149023.90501650315,	 55
144284.40451330147,	 55,	 148498.1990987693,	 55
144719.19570125194,	 55,	 150793.87428926193,	 55
141716.15551731962,	 55,	 146397.54689393094,	 56
143724.7051185829,	 55,	 147907.36685103245,	 56
144675.22243565132,	 55,	 149506.75344851447,	 57
147182.21661613169,	 55,	 151565.22265127386,	 57
144228.53227352363,	 55,	 148744.55667469624,	 57
144692.5094357047,	 55,	 149459.41670633198,	 57
146013.1018427302,	 55,	 151594.02766239824,	 57
146261.4228749971,	 55,	 151130.0449396357,	 57
147118.0307211476,	 55,	 151870.53715956584,	 57
146775.38967127274,	 55,	 151832.2215488509,	 57
147607.42927257434,	 55,	 152928.13261142402,	 57
149362.15329877712,	 55,	 154501.6334430094,	 57
149843.25271993817,	 55,	 154653.75418606712,	 57
149057.03165990184,	 55,	 153744.86253902133,	 57
147500.01499011525,	 55,	 152581.84703407963,	 57
147801.9118022304,	 55,	 152652.52711221357,	 57
145274.71178997363,	 55,	 150580.56911892045,	 57
145772.93954516816,	 55,	 149972.62979770714,	 57
146669.67369289653,	 55,	 151683.94499033983,	 57
147820.90599498426,	 55,	 152451.41898429114,	 57
146652.61130858428,	 55,	 151469.25639510425,	 57
145546.4601434322,	 55,	 150591.87435179186,	 57
146644.90416969528,	 55,	 151038.24931915067,	 57
