Passive_Agent_Net_Worth, Passive_Agent_Shares,  Active_Agent_Net_Worth, Active_Agent_Shares
99923.08112978702,	 55,	 100000.0,	 0
99670.03404740556,	 55,	 100000.0,	 0
98870.07787576676,	 55,	 100000.0,	 0
99073.12204913402,	 55,	 100000.0,	 0
99885.64586110222,	 55,	 99864.83809211617,	 35
100386.82221006932,	 55,	 100434.84727101985,	 32
100111.39321505174,	 55,	 100243.11127152969,	 20
98901.57296752173,	 55,	 99832.83395360484,	 37
98549.69951329447,	 55,	 99570.19802167625,	 23
98536.46593433786,	 55,	 99533.28507608817,	 10
99221.12109230466,	 55,	 99573.6301943397,	 26
98741.62030412027,	 55,	 99544.33493793872,	 26
99837.84372375396,	 55,	 100093.26990034107,	 12
100335.52857024365,	 55,	 100249.46639196182,	 4
100708.0766625869,	 55,	 100273.59649315116,	 19
101505.59361556893,	 55,	 100636.64576478797,	 45
101701.7141691472,	 55,	 100646.79290483794,	 42
101980.84747594652,	 55,	 101078.28108137763,	 46
102246.89209738009,	 55,	 101126.65283806989,	 51
102200.10722887387,	 55,	 101064.30251441264,	 45
102558.20306925844,	 55,	 101311.58536294563,	 42
101624.13422452536,	 55,	 100792.36034506428,	 47
101650.27279396917,	 55,	 100693.0233750777,	 48
101436.29142687337,	 55,	 100458.31483592025,	 27
102062.39067950172,	 55,	 100707.64720488804,	 11
101761.59181775214,	 55,	 100759.7900939907,	 43
101710.04306406938,	 55,	 100610.32198352774,	 46
101846.01241302479,	 55,	 100727.4222681454,	 12
100902.36963600478,	 55,	 100469.53712627066,	 5
101334.30545205931,	 55,	 100564.30855673141,	 35
102339.95894693327,	 55,	 101102.63901319764,	 11
102407.05573397595,	 55,	 101107.71811534601,	 11
101949.65902457942,	 55,	 100997.34475801329,	 35
102028.60856464748,	 55,	 100969.12818812655,	 10
102341.75495071753,	 55,	 100982.12465415608,	 9
101246.01528136389,	 55,	 100895.28144245749,	 36
99447.20151612702,	 55,	 99616.62424847027,	 35
98491.84151208383,	 55,	 99247.46868505844,	 22
99383.16538666819,	 55,	 99463.81492899155,	 40
98548.91223494081,	 55,	 98827.41874744972,	 20
99439.83222467253,	 55,	 99004.89385113039,	 7
98895.59135670858,	 55,	 99017.00793772619,	 31
96666.50254873544,	 55,	 97820.80673500794,	 43
97464.24707384674,	 55,	 98064.2379167146,	 36
96747.53365039291,	 55,	 97890.39574627174,	 33
98515.90721281845,	 55,	 98237.24731311723,	 42
99231.21225641717,	 55,	 99814.31325484635,	 50
99951.05894758503,	 55,	 100151.60208203358,	 40
100087.75858885949,	 55,	 100290.64152352078,	 36
100872.26812174304,	 55,	 100948.3079999877,	 46
100561.33698382849,	 55,	 100990.01968552612,	 53
101670.3024744239,	 55,	 101544.84366894115,	 30
102028.74816200387,	 55,	 101812.19284020661,	 27
101535.83568387337,	 55,	 101558.36461007767,	 35
101469.24929364066,	 55,	 101956.28740860368,	 42
101954.81071365516,	 55,	 101861.60850078301,	 24
102247.53025110661,	 55,	 102136.06785195053,	 24
102321.38715776976,	 55,	 102046.81583177936,	 25
102430.03790208236,	 55,	 102002.23940642836,	 42
102920.88454953827,	 55,	 101995.42923253748,	 44
102666.3079153854,	 55,	 102550.10041728866,	 28
102256.21925356986,	 55,	 101992.80443580127,	 30
102978.82003487324,	 55,	 102637.97285998837,	 29
104026.0964356455,	 55,	 102942.36330045175,	 32
104066.94010380829,	 55,	 103132.96977654147,	 48
104170.27541220696,	 55,	 103068.68622373913,	 36
103997.78389920924,	 55,	 102859.19659879149,	 33
103529.28933925109,	 55,	 102676.37300715434,	 36
103500.51887321989,	 55,	 102365.62443256118,	 44
102323.12326556143,	 55,	 101805.29530528767,	 19
102232.94831027433,	 55,	 101684.56761083404,	 10
103190.87506155657,	 55,	 101862.32528967096,	 14
103760.49003219024,	 55,	 101912.222885969,	 17
103132.53831906116,	 55,	 101846.71893277185,	 11
103797.87720158517,	 55,	 101949.34432407658,	 6
103635.47381143887,	 55,	 101962.40004903957,	 17
103070.30808121763,	 55,	 101787.07946955538,	 24
103557.55269257634,	 55,	 101894.34100879764,	 15
102872.05261612701,	 55,	 101735.2350106831,	 38
102337.75517996534,	 55,	 101563.81381349852,	 46
103010.43597861785,	 55,	 101829.39225201143,	 32
103795.88194407165,	 55,	 102302.94839766409,	 22
104338.78672404464,	 55,	 102581.72474325693,	 42
104943.99965429853,	 55,	 103001.89023397736,	 45
104609.58498406055,	 55,	 102807.57556437029,	 30
103487.30302103245,	 55,	 102211.5570515623,	 38
102425.34541853478,	 55,	 101469.69032359206,	 50
102451.99330766535,	 55,	 101603.8273383065,	 35
102947.412160918,	 55,	 102002.55850056824,	 27
101737.76845589557,	 55,	 101371.0975086292,	 36
100777.17233557913,	 55,	 100737.73477821,	 46
101137.33966914387,	 55,	 100962.37154563329,	 30
101307.17233091619,	 55,	 101168.10793141881,	 48
103283.12393086121,	 55,	 102574.04691937966,	 51
103136.34707814983,	 55,	 102771.13168023698,	 21
103735.30911857823,	 55,	 102884.80599092838,	 18
104137.54396918509,	 55,	 103212.1846310697,	 31
104057.863655483,	 55,	 103101.58094984242,	 45
103886.58310124476,	 55,	 103054.49939281965,	 34
103294.80884763482,	 55,	 102585.57823741261,	 49
103145.75475452609,	 55,	 102485.97916550464,	 53
104276.89570350478,	 55,	 103317.36552251253,	 37
104312.52613719419,	 55,	 103801.13156939598,	 46
104338.49170254705,	 55,	 103753.8832107632,	 49
104308.24945243342,	 55,	 103638.34560671786,	 40
103772.95357656552,	 55,	 103457.41191260963,	 26
103705.84777612702,	 55,	 103280.79939644068,	 31
104086.73533516872,	 55,	 103387.90631311815,	 46
103852.36111544097,	 55,	 103357.67179495747,	 30
104148.00185959366,	 55,	 103188.24214439212,	 36
104725.9604101805,	 55,	 103731.66891978105,	 42
105267.98191370712,	 55,	 104187.24108337257,	 39
104790.15293728262,	 55,	 103812.967028505,	 26
103626.42498054924,	 55,	 103121.34985505848,	 41
104199.8033589608,	 55,	 103214.19112434285,	 44
104023.2990236462,	 55,	 103753.2763258925,	 36
103878.83320730747,	 55,	 103336.43074720801,	 37
104276.35356262534,	 55,	 104041.02568654709,	 48
104738.35788216576,	 55,	 104090.92420897419,	 29
105300.20397006038,	 55,	 104305.71310745103,	 35
106056.18639988951,	 55,	 104716.38004563106,	 46
106008.37573684381,	 55,	 104748.0273334352,	 18
106500.07179342791,	 55,	 104818.08324125012,	 9
106603.39421626503,	 55,	 104934.53087172017,	 30
106458.44890225508,	 55,	 104867.05672515547,	 31
106636.38567205337,	 55,	 105031.36758741226,	 31
106588.97229299195,	 55,	 105112.81258586088,	 28
107168.98766577251,	 55,	 105153.80694365458,	 42
108185.7167012521,	 55,	 105826.07035337483,	 44
108093.72735812138,	 55,	 105819.36137328387,	 38
108248.1370462533,	 55,	 105758.2264357181,	 21
107730.8090241529,	 55,	 105609.36464736762,	 29
107061.26201572159,	 55,	 105239.54957119498,	 8
107181.80830146879,	 55,	 105226.29177038198,	 8
107216.32455385997,	 55,	 105274.49221138618,	 21
107441.41848207005,	 55,	 105294.08062608191,	 25
108071.4389114723,	 55,	 105511.81654826022,	 40
108560.88051444812,	 55,	 105949.05393705194,	 44
108836.6313269204,	 55,	 106075.97249880317,	 45
108872.02328890607,	 55,	 106026.7990662567,	 15
108188.86012704331,	 55,	 105850.93544690803,	 13
108281.21012512129,	 55,	 105918.41393278571,	 7
108041.23436664043,	 55,	 105829.98113712828,	 22
108545.17875970887,	 55,	 105838.02345929106,	 9
108747.25545427098,	 55,	 105874.21996986996,	 7
109297.99797509197,	 55,	 106062.95224950387,	 41
109529.1259611058,	 55,	 106093.64021578891,	 24
110096.6551109073,	 55,	 106144.01093108513,	 25
109636.2473058538,	 55,	 106113.32042226549,	 42
108773.69524971387,	 55,	 105489.15250110044,	 23
109277.33898853441,	 55,	 105624.16214500778,	 9
108750.07229429079,	 55,	 105477.60274745862,	 7
108927.03264364433,	 55,	 105547.12897257051,	 6
109543.4353352571,	 55,	 105583.57280073626,	 2
109289.55294477115,	 55,	 105527.22911336334,	 22
109753.13633923486,	 55,	 105789.19257743508,	 25
108605.58023759033,	 55,	 105233.16937962055,	 17
109028.40436573088,	 55,	 105464.44120978101,	 10
109519.49277236073,	 55,	 105433.63107190921,	 39
109962.44138012613,	 55,	 105692.15395341399,	 46
110072.39217859299,	 55,	 105928.33378430405,	 49
110283.58432852493,	 55,	 106103.65540952793,	 13
109777.3191599065,	 55,	 106012.85779575928,	 38
109305.96369058073,	 55,	 105858.49936347816,	 48
109328.49667612702,	 55,	 105704.54697984704,	 39
109258.48226275027,	 55,	 105472.50522136065,	 21
107168.10179112703,	 55,	 104739.86428709404,	 27
106747.20986277853,	 55,	 104464.43829718768,	 34
106818.33539046759,	 55,	 104675.01987739814,	 11
106497.98090106923,	 55,	 104523.47152696538,	 30
106315.43088198875,	 55,	 104367.94137309618,	 37
105994.39489930961,	 55,	 104231.88875309352,	 35
106974.23967983312,	 55,	 104720.50968007298,	 29
107323.23787677046,	 55,	 104989.94357523858,	 37
107110.46526967413,	 55,	 104949.76337198375,	 47
107537.78050102042,	 55,	 105490.6285006961,	 43
108305.04659343512,	 55,	 105656.65901987487,	 21
108275.17978290484,	 55,	 105668.35885709121,	 35
109401.70636154468,	 55,	 106380.730712942,	 46
109693.47428043997,	 55,	 106714.14564831568,	 39
110014.28441983454,	 55,	 107133.17757393338,	 23
110508.40264264792,	 55,	 107323.17963890727,	 37
110237.83326754352,	 55,	 107059.68536457798,	 48
110598.56805571538,	 55,	 107557.12363806542,	 29
110961.28783770266,	 55,	 107645.42270928825,	 11
110958.27576333392,	 55,	 107671.48764182601,	 23
110719.13704692911,	 55,	 107603.77021592436,	 27
110812.6374811866,	 55,	 107609.11627389232,	 29
111044.9644220764,	 55,	 107606.11591278441,	 16
110985.72089284522,	 55,	 107610.65545331399,	 19
110668.04446889836,	 55,	 107542.79656206563,	 43
110507.4095457381,	 55,	 108060.88044635831,	 46
110775.57692415839,	 55,	 107628.40940525787,	 36
110157.61350245125,	 55,	 107190.42778978433,	 13
110654.56795823033,	 55,	 107184.05486998515,	 29
110216.54510361048,	 55,	 107327.79891077182,	 39
110050.98298901205,	 55,	 106986.23512950802,	 28
110096.09558516878,	 55,	 106713.68302647202,	 46
110582.2679717022,	 55,	 106884.86759322736,	 46
110770.08764250432,	 55,	 107417.5242514048,	 30
111206.30097411221,	 55,	 107861.52609670235,	 18
111356.2016284319,	 55,	 107788.03594637771,	 35
110507.89058875659,	 55,	 107176.2922275535,	 42
110033.60047112702,	 55,	 106819.72408676324,	 11
110746.00477452818,	 55,	 106962.7602976399,	 10
109110.698821127,	 55,	 106631.32535948708,	 16
109643.46610113308,	 55,	 106770.69104185916,	 16
109344.95861391064,	 55,	 106644.31705326762,	 16
109340.65979620974,	 55,	 106682.7412503119,	 24
107793.99846576172,	 55,	 106037.60226962666,	 30
107337.15254746683,	 55,	 105617.7266638665,	 28
108928.86664165837,	 55,	 106454.96972006155,	 27
108791.23042596034,	 55,	 106533.18029696195,	 36
107400.34869420373,	 55,	 105533.18380667346,	 45
107217.47231220135,	 55,	 106079.25223255527,	 33
107010.21364123072,	 55,	 105329.36191181172,	 31
105817.56824252036,	 55,	 104650.01856246676,	 43
104088.67493957884,	 55,	 103282.35966096865,	 49
104248.25472945602,	 55,	 103180.51379147747,	 25
102591.18411861907,	 55,	 102329.62719031922,	 16
102453.76681508704,	 55,	 102040.1083035969,	 36
104725.97943574672,	 55,	 103454.8120604407,	 37
104704.76085557698,	 55,	 103683.42705950415,	 34
106428.97734074846,	 55,	 105139.85613619645,	 20
106958.35149817509,	 55,	 105109.24141117863,	 25
107297.47942668576,	 55,	 105670.42397001709,	 25
108823.8605487487,	 55,	 105963.15487922201,	 16
108615.17396827224,	 55,	 105797.50971909758,	 14
109097.2127928904,	 55,	 106247.03839010715,	 17
109937.27197999941,	 55,	 106337.73390516717,	 31
110202.56564398597,	 55,	 106208.79599888824,	 18
111459.29276033536,	 55,	 106805.06845777945,	 14
111957.01093297574,	 55,	 106851.4120951847,	 17
111511.35951098314,	 55,	 106650.15623853417,	 28
111944.53405449555,	 55,	 107147.47897122234,	 28
112445.70720354456,	 55,	 107092.4188872129,	 12
112570.74513796304,	 55,	 107202.85181678993,	 16
112797.19822160277,	 55,	 107367.54700360709,	 40
113077.77952765208,	 55,	 107362.04431817478,	 36
112874.89052211096,	 55,	 107301.59789873153,	 32
112905.2933542795,	 55,	 107098.07647527821,	 39
112927.48478695579,	 55,	 107364.76336862988,	 40
113222.5732612506,	 55,	 107275.9260820131,	 31
113826.88000418447,	 55,	 107769.03399058939,	 20
113340.12975764209,	 55,	 107736.19645049155,	 28
113658.17585021183,	 55,	 107701.72333520165,	 38
114432.11758940731,	 55,	 108184.63366344989,	 29
114669.18552979574,	 55,	 108468.4764185411,	 18
114651.34759858502,	 55,	 108383.36543543485,	 25
114675.5537004501,	 55,	 108520.51120335309,	 17
114587.33117268182,	 55,	 108386.67477572558,	 39
113766.85911449564,	 55,	 107739.52881759261,	 43
114534.96179761113,	 55,	 108277.87388842474,	 15
114988.9365719185,	 55,	 108421.97496062475,	 9
114701.24838665419,	 55,	 108231.26930332545,	 33
115093.21106009238,	 55,	 108517.79683450681,	 34
114191.95722833455,	 55,	 108086.03710787575,	 33
113757.74493895768,	 55,	 107502.13542480578,	 22
112346.71032563322,	 55,	 107201.82390858463,	 30
112704.92655734261,	 55,	 107407.73699634986,	 36
111109.39695112701,	 55,	 106308.09844802723,	 35
110053.94048716096,	 55,	 105779.07239484681,	 29
109480.22441917715,	 55,	 105334.20402284406,	 9
110865.01946368309,	 55,	 105249.86944638769,	 23
113996.28417486463,	 55,	 106646.22700873425,	 39
114624.16371976657,	 55,	 107725.3230155063,	 16
115043.62542752613,	 55,	 107820.75560741198,	 8
115441.40107809372,	 55,	 107877.97446137329,	 40
115483.7123860155,	 55,	 107878.20569416441,	 45
115631.19891063678,	 55,	 108017.0336201722,	 40
115929.67415942585,	 55,	 108087.05562193276,	 20
115382.65778474271,	 55,	 107961.86110603997,	 36
114209.9036980143,	 55,	 107182.09435647898,	 22
114141.93610070029,	 55,	 107106.86640242898,	 9
111965.20311819464,	 55,	 106765.90200893435,	 35
111122.652796432,	 55,	 106164.228635481,	 44
112315.23170077689,	 55,	 106814.62793949526,	 37
113817.77342168149,	 55,	 108083.17403997725,	 28
113130.6019257857,	 55,	 107818.4168022061,	 23
112501.05421498814,	 55,	 107360.14308264971,	 24
111770.78581597944,	 55,	 106963.78032009676,	 27
111413.08172749705,	 55,	 106691.96331571763,	 10
110516.66110071843,	 55,	 106540.83937027084,	 9
110802.66887697349,	 55,	 107158.01801082023,	 28
111542.73144323472,	 55,	 107296.13737900906,	 31
112143.70624974546,	 55,	 107485.66705377641,	 23
114009.50047523057,	 55,	 108149.74423201855,	 25
113830.07478378226,	 55,	 108038.05212724945,	 31
113858.90095069815,	 55,	 108048.0506178223,	 27
112352.68914189514,	 55,	 107427.9152316133,	 21
111088.7095183593,	 55,	 106860.43431622133,	 29
110545.8986314379,	 55,	 106848.94373545574,	 33
110662.48668365517,	 55,	 106585.0825069395,	 28
110502.79793139244,	 55,	 107058.27504354852,	 8
112692.25332293788,	 55,	 107380.65197146195,	 17
113094.11780986708,	 55,	 107291.18410030927,	 29
113704.75788272648,	 55,	 107820.33833007558,	 16
113996.93709615065,	 55,	 107730.84022189298,	 9
113471.3644497678,	 55,	 107559.00907318231,	 40
113676.55687664276,	 55,	 107743.39413396499,	 44
114718.40180319261,	 55,	 108270.77747614152,	 41
115371.74767832,	 55,	 109027.69130134689,	 20
116152.71400395836,	 55,	 109239.48151085875,	 42
116046.62930421736,	 55,	 109555.40040780345,	 49
116312.02501875309,	 55,	 109671.58800586461,	 21
116013.39849908909,	 55,	 109537.70340863717,	 10
116786.05842751145,	 55,	 109743.55429399633,	 26
116786.0700492739,	 55,	 109811.45661021318,	 39
116836.51238712497,	 55,	 109747.78275663544,	 26
117037.78563529206,	 55,	 109837.81644041534,	 19
116754.92024992782,	 55,	 109808.82033192256,	 22
116697.86936256976,	 55,	 109678.29782268032,	 37
117178.59292539234,	 55,	 109794.05591700078,	 28
116891.03761112428,	 55,	 109709.3621779356,	 11
116257.31127711892,	 55,	 109580.81173794423,	 38
116283.25062204998,	 55,	 109766.88846265573,	 39
114792.27659170666,	 55,	 108516.73718304443,	 27
115341.9072228415,	 55,	 108733.07716324189,	 10
113410.05124112702,	 55,	 108381.9853074732,	 30
113190.38120046943,	 55,	 108249.42407691726,	 38
114284.91686450822,	 55,	 108909.36925018474,	 16
113261.24047575814,	 55,	 108836.9003289831,	 14
114862.74572442655,	 55,	 109292.4566628287,	 15
114620.20134535429,	 55,	 109049.14895111971,	 37
115550.00726451875,	 55,	 109994.66536545962,	 32
115832.38233094117,	 55,	 109715.23117344368,	 14
116396.52875186187,	 55,	 109804.83866886212,	 4
116724.34508112703,	 55,	 109845.7944103542,	 6
116013.74937112702,	 55,	 109758.27487835419,	 3
114339.00206612702,	 55,	 109666.9250253542,	 3
113737.93943381358,	 55,	 109590.52206617795,	 6
113952.73719609466,	 55,	 109545.47806747376,	 27
114795.32359990808,	 55,	 110215.41133719121,	 29
114689.79612424377,	 55,	 109855.62551733757,	 34
113800.75301385921,	 55,	 109330.37819587864,	 14
114514.75526250963,	 55,	 109503.57836534288,	 34
114362.02870815071,	 55,	 109454.48848596236,	 37
115167.2166588747,	 55,	 109997.06763177013,	 37
115372.35127501833,	 55,	 109922.11167717575,	 18
115870.85129907029,	 55,	 110119.93841621233,	 21
116438.02367559877,	 55,	 110368.99787771032,	 11
116063.82209163444,	 55,	 110260.92463035486,	 7
115938.28976930982,	 55,	 110350.01620562859,	 36
116704.7443662793,	 55,	 110718.67403104473,	 37
116498.25199859793,	 55,	 110760.20884154632,	 14
115181.87706218199,	 55,	 110385.5867241007,	 5
116191.02985870556,	 55,	 110388.41486260705,	 7
116303.67462553649,	 55,	 110434.56182048596,	 14
116326.45015162301,	 55,	 110522.17365152185,	 6
117095.14623567455,	 55,	 110584.00850207731,	 3
117281.24048779655,	 55,	 110538.87907546217,	 21
116934.51194803262,	 55,	 110421.87141124625,	 38
116341.33556313065,	 55,	 110309.62783027324,	 33
116753.29364241229,	 55,	 110226.31632698252,	 26
115595.32827641476,	 55,	 109594.09683031161,	 19
116247.92551208807,	 55,	 110020.60635626776,	 15
117262.0355861248,	 55,	 110127.31862355981,	 30
115882.97157589495,	 55,	 109471.68394696963,	 36
114974.68084959556,	 55,	 108927.66900878614,	 22
115237.77333139117,	 55,	 109057.6715127033,	 9
116227.44398069981,	 55,	 109117.55236061054,	 25
116766.56949341565,	 55,	 109365.61391132744,	 39
116412.45720833396,	 55,	 108889.3285006587,	 23
116269.17204327381,	 55,	 109043.04492272626,	 39
117554.36253414802,	 55,	 109147.1788021024,	 46
117729.97742271378,	 55,	 109941.22271612455,	 45
117797.7008215831,	 55,	 110294.40345721868,	 20
117903.16017200777,	 55,	 110189.42186680734,	 37
117792.66115709706,	 55,	 110168.23749925387,	 45
118025.52211524507,	 55,	 110166.80625021062,	 39
117914.55261612701,	 55,	 110198.41509745429,	 15
116502.0386853817,	 55,	 109798.0553034175,	 26
116777.28367987798,	 55,	 110293.20743519036,	 15
117381.65361296477,	 55,	 110191.10665527538,	 15
116804.19137102412,	 55,	 110056.14897669017,	 25
116746.64078632394,	 55,	 110037.74007656064,	 38
116613.05746441174,	 55,	 110113.22693285448,	 38
117022.15018516174,	 55,	 110297.9500591479,	 15
116126.0337591069,	 55,	 110037.70681295177,	 36
115982.1268593918,	 55,	 109723.61000584524,	 42
115341.1539360209,	 55,	 109378.66251197222,	 25
115005.17545599221,	 55,	 109294.87573042506,	 10
115876.27718986038,	 55,	 109077.34077488852,	 33
116842.02578959394,	 55,	 109874.46745504014,	 18
116138.02317482799,	 55,	 109605.49770981655,	 7
115451.38435484708,	 55,	 109454.65856019706,	 5
116259.08323360556,	 55,	 109601.27475650646,	 24
116261.95932914953,	 55,	 109411.78108298758,	 26
117129.12225090666,	 55,	 110189.88593995647,	 31
117025.55278933757,	 55,	 109872.82718438357,	 27
117395.35072099505,	 55,	 110079.72355650194,	 44
117670.59669105937,	 55,	 110223.69718422185,	 14
116953.15366112701,	 55,	 110022.99239559115,	 14
116591.17773228529,	 55,	 109921.55466567742,	 26
116415.24293678619,	 55,	 109762.86880710485,	 21
114148.75020690227,	 55,	 108924.45527703935,	 16
114353.87468918208,	 55,	 108891.21145595965,	 21
115051.13172435825,	 55,	 109228.58019923515,	 21
115113.83527215406,	 55,	 109246.81800377337,	 11
114394.73720259199,	 55,	 109217.87057232176,	 26
115100.50983391203,	 55,	 109125.37293700916,	 26
113538.08167215153,	 55,	 108695.12095354215,	 28
113716.67730912515,	 55,	 108800.27475790572,	 27
113933.55772637979,	 55,	 109576.71610870695,	 45
116273.71093961709,	 55,	 110275.8471878568,	 48
116387.19223531513,	 55,	 111100.90911039218,	 25
116794.34911096844,	 55,	 111008.28239552944,	 9
117762.46684762313,	 55,	 111230.81581813563,	 17
117710.55191268571,	 55,	 111254.34898862812,	 17
117784.48333255763,	 55,	 111278.23802748034,	 6
117458.92103628325,	 55,	 111199.05299352488,	 5
117041.4455457776,	 55,	 111135.6226457602,	 28
116575.75556878402,	 55,	 110763.95048243055,	 30
115346.54826519355,	 55,	 110128.92863074498,	 28
114509.55216165859,	 55,	 109838.62306202538,	 31
115571.10694724217,	 55,	 110406.78819884194,	 43
116497.90585761447,	 55,	 111265.26233230904,	 19
116430.1988619011,	 55,	 111245.66097407277,	 14
116622.96407999731,	 55,	 111155.75967856788,	 19
116326.81068592095,	 55,	 111129.43446161342,	 38
116090.83143088219,	 55,	 110930.33567648866,	 27
116364.51205347553,	 55,	 111181.29050816776,	 22
115293.4813736042,	 55,	 110789.21204502694,	 37
115090.74180481763,	 55,	 110284.86072581046,	 46
116666.57151221923,	 55,	 110984.13315338013,	 12
115548.5678288889,	 55,	 110943.0115936109,	 4
114354.03532940446,	 55,	 111096.01109670865,	 39
115369.11297426917,	 55,	 111690.2757815558,	 43
115661.25455280888,	 55,	 111751.06600525537,	 37
116016.04088428438,	 55,	 111885.35347318772,	 17
116282.44382512069,	 55,	 112158.90431160085,	 17
115346.23503085626,	 55,	 111746.3805117907,	 15
112946.39827112702,	 55,	 111199.95602005169,	 11
109380.20019612701,	 55,	 110476.71640505169,	 24
104202.26458272152,	 55,	 107902.76290798445,	 39
103687.57632406057,	 55,	 107678.72341918385,	 25
107270.31036899822,	 55,	 108929.0229158842,	 11
109632.03001487989,	 55,	 110632.72004126308,	 39
109932.71955879641,	 55,	 110460.65319485386,	 47
109284.59399695728,	 55,	 110131.7930481545,	 38
106179.79132993598,	 55,	 107817.55794099864,	 11
106537.25631310626,	 55,	 108134.0960400747,	 13
108163.97793338445,	 55,	 108287.43002241878,	 10
106602.3445101917,	 55,	 108034.92237041367,	 10
109189.95859489674,	 55,	 108539.8402008449,	 37
107718.30483724797,	 55,	 108232.57902670794,	 46
107722.35770081973,	 55,	 108624.26402660686,	 12
107885.63830548001,	 55,	 108663.82118977077,	 9
108383.20320133565,	 55,	 108716.27629599949,	 12
109696.04639748011,	 55,	 109014.10957689726,	 41
110636.36562616599,	 55,	 109420.44473409749,	 40
110356.5632841731,	 55,	 109529.43286323556,	 18
108490.57180959241,	 55,	 108926.76898791132,	 12
108933.81242958197,	 55,	 108943.06701256623,	 10
107752.1894267737,	 55,	 108866.95721823366,	 31
107548.45336057148,	 55,	 108713.36814817111,	 32
106414.91676288616,	 55,	 108308.36159422438,	 31
106868.47335714304,	 55,	 108206.60649637882,	 9
104351.11251489849,	 55,	 107807.29240938845,	 32
104555.90953062022,	 55,	 107607.7520426337,	 39
106111.8943073143,	 55,	 109010.76731278116,	 34
106157.22483197783,	 55,	 108808.05196431607,	 29
106428.7648761953,	 55,	 108667.69515461821,	 20
108976.59037859584,	 55,	 109984.23426370203,	 8
109868.25295333384,	 55,	 110145.52895204606,	 22
109855.8435933573,	 55,	 110328.57826174976,	 34
110862.96511905592,	 55,	 110643.33577047204,	 24
111634.40324225287,	 55,	 111068.51070228762,	 10
111614.48343149848,	 55,	 111178.31644855246,	 33
111147.90477422811,	 55,	 110742.09193059607,	 39
110560.99374186677,	 55,	 110329.58864519856,	 35
111992.56998207938,	 55,	 110705.88250550641,	 14
112615.96000278892,	 55,	 110823.77936009127,	 26
112518.50587517046,	 55,	 110796.20031700493,	 47
112623.97027739076,	 55,	 110912.21126052956,	 20
111978.4037861974,	 55,	 110721.62284454904,	 11
112910.58911389284,	 55,	 110992.48397615603,	 25
114625.95086228929,	 55,	 111475.90856625621,	 27
114784.26801862121,	 55,	 111628.5486104542,	 22
114503.51143498688,	 55,	 111439.008960919,	 17
115858.42945754506,	 55,	 111441.0268820945,	 18
115575.9448649206,	 55,	 111773.362646964,	 20
115345.24770836378,	 55,	 111670.56209453984,	 17
116674.91655257247,	 55,	 111823.7214443192,	 39
116687.46218958478,	 55,	 112350.11498303429,	 41
116390.36776662972,	 55,	 112325.50408328128,	 34
116010.65627077915,	 55,	 112100.90514635743,	 27
116348.3714462012,	 55,	 111887.35707387571,	 38
115201.15121230172,	 55,	 111586.31846507954,	 44
115263.6334284477,	 55,	 111682.35467752036,	 44
115103.46293282685,	 55,	 111454.27228557708,	 35
113501.5641822138,	 55,	 110419.37690252913,	 44
112227.64888404959,	 55,	 109373.52893235497,	 47
113665.41231499542,	 55,	 110344.43481435599,	 41
113735.16800641261,	 55,	 110651.29874803258,	 40
114675.02799721646,	 55,	 111152.81210348697,	 47
115337.7064889892,	 55,	 111931.5516561867,	 48
115752.02655957281,	 55,	 112272.91830109259,	 37
115639.0667074412,	 55,	 112120.25927050067,	 44
115380.26967692838,	 55,	 111652.42619436742,	 46
115803.18121421596,	 55,	 112284.35323376875,	 40
115670.59917030156,	 55,	 112237.25669169427,	 37
115403.79453112703,	 55,	 112023.76996115205,	 46
115893.10096343639,	 55,	 112473.57194584447,	 46
115342.07553979303,	 55,	 111904.69424816509,	 23
113648.69290426085,	 55,	 111301.2576162586,	 35
114334.78750647847,	 55,	 111901.6292621528,	 48
114733.60608866392,	 55,	 111943.99820488266,	 13
113874.48585074132,	 55,	 111657.52457460042,	 13
113517.86330031023,	 55,	 111450.78666243216,	 43
113642.62872285499,	 55,	 111899.8772026278,	 48
111550.4653505754,	 55,	 109939.23610890182,	 49
111918.58343201903,	 55,	 110280.99966763944,	 23
113006.37350659972,	 55,	 110912.4090774522,	 13
114118.26738510685,	 55,	 111127.36710004466,	 34
113281.06777576394,	 55,	 110547.82947009301,	 43
111282.06409038836,	 55,	 108975.74879589013,	 35
111499.32990295395,	 55,	 109445.65914050049,	 33
112522.18140626576,	 55,	 109987.21603500503,	 37
113373.91646148007,	 55,	 110531.22777478983,	 29
114270.08607226,	 55,	 110858.29708136774,	 20
114008.5430131636,	 55,	 110682.92608426363,	 45
114799.41754822008,	 55,	 111690.81558384656,	 48
114442.68318887208,	 55,	 111113.65205519498,	 16
113396.18569335926,	 55,	 110790.80977732733,	 6
110996.34694976438,	 55,	 110458.50623301565,	 11
111499.37554401957,	 55,	 110672.15479687895,	 23
110278.68249512433,	 55,	 109996.98030073938,	 17
107643.55426036524,	 55,	 109289.35653605478,	 14
106687.6759556666,	 55,	 108995.55490280161,	 29
106373.52871133992,	 55,	 108983.20818511497,	 40
106767.14166925866,	 55,	 109304.79868391655,	 32
104892.25639859424,	 55,	 108044.2879294549,	 34
104844.86535913208,	 55,	 108117.56673758764,	 45
104178.50122243541,	 55,	 107424.75813498959,	 40
103958.22079577524,	 55,	 107354.19036472446,	 44
100787.76602606768,	 55,	 106894.67328811315,	 50
102946.02180153396,	 55,	 106860.75309115123,	 29
105090.19738346919,	 55,	 107794.13690346916,	 26
104204.68530370615,	 55,	 107543.0152132495,	 35
105461.74779296474,	 55,	 107973.71776713067,	 38
104312.97265751733,	 55,	 107589.28457621942,	 47
105013.89363512403,	 55,	 107946.86322486552,	 48
106143.52846245868,	 55,	 108371.91146877437,	 47
106728.47900928196,	 55,	 110225.94415694287,	 35
105630.33633367634,	 55,	 109114.97773426665,	 51
105665.8185156671,	 55,	 108441.37979482539,	 54
106160.71220076078,	 55,	 109659.78996082954,	 37
104293.95327394751,	 55,	 108185.3310810567,	 41
101582.27960965778,	 55,	 106749.26817044629,	 48
102687.01289373678,	 55,	 106960.47985580449,	 42
102816.57878425562,	 55,	 107150.02911608569,	 31
101220.98851215371,	 55,	 106126.83051882581,	 32
103375.50598126136,	 55,	 107089.62237352906,	 48
104034.0770076717,	 55,	 108115.84279726166,	 47
106289.181940637,	 55,	 110150.18466157437,	 13
106460.7195028598,	 55,	 110099.46281363262,	 34
105797.8882183549,	 55,	 110099.80123173591,	 34
106862.41825125879,	 55,	 110441.7239550959,	 34
106560.9169821948,	 55,	 110270.57117391661,	 33
106236.36563104343,	 55,	 110609.27237379731,	 44
107517.27050366982,	 55,	 111259.11307381201,	 44
108112.41696395146,	 55,	 111553.1075002271,	 39
107245.31695390774,	 55,	 110951.61651458844,	 19
108112.36465530057,	 55,	 111346.43238204607,	 20
109824.28145084927,	 55,	 112040.1533395158,	 47
109754.8302891063,	 55,	 111946.15789180053,	 49
110325.14478975402,	 55,	 112737.66718508846,	 14
110992.24617233967,	 55,	 112767.79822374966,	 10
109760.9354366806,	 55,	 112591.0245403659,	 40
110265.73722205134,	 55,	 112727.95542974473,	 47
110342.63039799193,	 55,	 112455.66235292375,	 32
111598.8470341574,	 55,	 113737.96824566551,	 32
111838.1112239827,	 55,	 114076.6028779932,	 49
111656.33370050145,	 55,	 113823.94596851786,	 52
111759.5805680395,	 55,	 114227.88619997993,	 24
112986.46529259521,	 55,	 114639.36919171117,	 9
113524.93619318485,	 55,	 114751.11828950311,	 27
113383.8213495758,	 55,	 114587.58276713244,	 34
113649.35805101787,	 55,	 114526.62562254118,	 10
112935.22424038428,	 55,	 114441.84495501361,	 43
112353.76976929109,	 55,	 114043.05010444601,	 21
112746.97445602782,	 55,	 114363.21372048208,	 30
112856.57531230689,	 55,	 114403.15202978303,	 22
114331.82643250971,	 55,	 114833.70386970918,	 22
114256.6123575418,	 55,	 114814.159102334,	 9
113937.21395296106,	 55,	 114836.1851608667,	 30
114545.84998609577,	 55,	 114647.00850129728,	 31
113413.45081459313,	 55,	 114048.26537780523,	 11
114363.89377314998,	 55,	 114169.87411665308,	 5
112846.94933360712,	 55,	 114028.63541272593,	 4
113434.58613092815,	 55,	 114031.4668529755,	 2
113290.62671259894,	 55,	 114019.30434379491,	 14
113292.37628813153,	 55,	 114141.5739846128,	 34
115376.16391164697,	 55,	 115037.78924727697,	 18
115285.63655380419,	 55,	 115263.93700276862,	 6
115386.90607144326,	 55,	 115238.2983495592,	 3
115823.46873378695,	 55,	 115160.37372809707,	 20
116051.58082354235,	 55,	 115660.045475563,	 30
116556.34771343492,	 55,	 115734.21412942928,	 22
115855.11400344779,	 55,	 115477.50714734555,	 13
115700.6604861567,	 55,	 115397.15654660988,	 11
115770.66631652965,	 55,	 115396.75306074444,	 5
115931.43914318088,	 55,	 115401.5427939246,	 3
115914.51867685695,	 55,	 115531.2206306993,	 40
115043.19096828876,	 55,	 114916.20785834156,	 43
113978.08245426473,	 55,	 114237.70498022813,	 29
114935.36969327234,	 55,	 114762.12736538045,	 13
114418.11494518057,	 55,	 114437.55391141132,	 35
113737.09703983707,	 55,	 113945.52976034782,	 37
113612.98458546594,	 55,	 113970.05426829019,	 14
113599.55613495088,	 55,	 113929.1215124306,	 6
114196.96711478896,	 55,	 113972.32705848129,	 26
115614.29981855075,	 55,	 114472.71121279335,	 26
114526.54722612702,	 55,	 114157.17168444738,	 14
114383.97102570308,	 55,	 114086.8018472469,	 5
113506.09288029518,	 55,	 114018.59477123432,	 16
114029.83864806376,	 55,	 114073.26724895608,	 21
113566.08817742964,	 55,	 113870.3005413586,	 7
113553.4151807707,	 55,	 113864.04457252727,	 5
112612.64389845749,	 55,	 113719.76588258005,	 13
113315.91743665459,	 55,	 113903.86239655064,	 13
113580.7280165425,	 55,	 113942.22982995321,	 11
114343.52074211858,	 55,	 113893.4746800324,	 25
115862.77869420662,	 55,	 114770.49692082213,	 43
115795.79440290296,	 55,	 114784.63559395383,	 17
115978.39970103638,	 55,	 115004.48985526946,	 35
116054.76299552838,	 55,	 114756.14329781354,	 47
116398.13615683846,	 55,	 114668.48337544256,	 31
116374.77499646565,	 55,	 114894.12171778937,	 21
115938.92905486705,	 55,	 114713.91830515939,	 29
116531.09525395192,	 55,	 114990.89577089259,	 44
117116.82018146728,	 55,	 115210.54189228217,	 20
117310.81089591337,	 55,	 115258.68355005486,	 7
117218.53323619165,	 55,	 115210.95488787894,	 17
115939.49483793056,	 55,	 114912.09678916159,	 37
115313.8569572597,	 55,	 114404.33525864687,	 12
114675.08796466002,	 55,	 114266.32303879841,	 8
114886.19865535053,	 55,	 114273.21860483848,	 35
114204.04964297748,	 55,	 114411.75015150453,	 44
114718.39511603805,	 55,	 114142.5107982234,	 24
115384.54387474863,	 55,	 114465.2459255491,	 13
115729.40118476926,	 55,	 114573.5211906353,	 32
115647.2254164185,	 55,	 114465.51200014388,	 20
116803.71640343001,	 55,	 114841.68139575768,	 20
112936.02573666164,	 55,	 113480.68338731673,	 31
110778.43483967832,	 55,	 112312.05413859597,	 31
112510.8554058115,	 55,	 112739.8175896064,	 23
114526.49233738235,	 55,	 113836.2307393891,	 14
115843.63191738602,	 55,	 114118.0221018673,	 18
116426.1243265784,	 55,	 114553.55378478517,	 25
115843.69989056571,	 55,	 114163.0171629774,	 9
115294.44779731255,	 55,	 113923.51635906553,	 24
116210.80670481357,	 55,	 114212.34939848425,	 34
117157.99048656377,	 55,	 114788.84253458187,	 32
118239.18723821531,	 55,	 115586.87276441432,	 35
118678.12927381352,	 55,	 115934.36930300613,	 39
119052.06206722431,	 55,	 116042.56792908715,	 17
119719.43818989137,	 55,	 116231.85544087764,	 9
119720.46351117527,	 55,	 116146.70016119165,	 41
119920.37869559666,	 55,	 116237.94374369248,	 46
119909.22158181497,	 55,	 116320.6932202523,	 13
120471.32988900752,	 55,	 116402.35241009593,	 4
119962.08650753179,	 55,	 116368.12041328261,	 18
120601.45857072287,	 55,	 116319.30914982688,	 42
120075.32073600568,	 55,	 116315.75020284372,	 23
119863.84435265812,	 55,	 116169.28385493695,	 43
120098.54487221313,	 55,	 116404.55831073096,	 48
120239.10896343997,	 55,	 116211.9754538301,	 50
120091.30814626112,	 55,	 116659.87243386358,	 15
120275.51810906171,	 55,	 116625.57089143837,	 30
119189.15984260594,	 55,	 116248.37617269738,	 43
119758.28385322745,	 55,	 116486.33020013571,	 38
119832.10406192196,	 55,	 116418.02670970914,	 38
120443.05495635056,	 55,	 116810.59014058915,	 14
120774.53136982069,	 55,	 116913.5899101298,	 21
120880.74779723195,	 55,	 116893.65312466159,	 30
120577.79282827402,	 55,	 116674.14775273371,	 35
121006.36242005732,	 55,	 116939.57361082248,	 10
120911.98879830824,	 55,	 116917.18497064151,	 10
121376.59902015926,	 55,	 116987.3823747552,	 11
120779.39121240974,	 55,	 116870.79051987044,	 17
120878.3750498494,	 55,	 116949.43774976382,	 22
121114.90418712172,	 55,	 117000.53076209854,	 7
120995.35024331963,	 55,	 116975.75088265899,	 4
120692.2923568506,	 55,	 116964.06419493962,	 23
121256.87321168068,	 55,	 117192.36726705525,	 13
120591.68873340581,	 55,	 117031.20462168059,	 13
120327.23710654936,	 55,	 116966.03980007747,	 23
120226.78322481213,	 55,	 116797.7589567333,	 24
120575.9608427744,	 55,	 116974.26349347833,	 24
120581.21866981467,	 55,	 117017.8023876698,	 15
119859.58755905142,	 55,	 116966.05763841505,	 28
120104.21533828296,	 55,	 116832.9336436151,	 38
120739.91412381388,	 55,	 117378.26959862962,	 27
120872.54892212138,	 55,	 117358.98435174713,	 17
121051.18534241669,	 55,	 117371.85548429812,	 17
120763.57914945083,	 55,	 117415.26050127283,	 34
118010.80261612701,	 55,	 115613.76116593128,	 27
118637.62249587172,	 55,	 115907.34713203092,	 18
117910.07986169324,	 55,	 115543.94860360661,	 30
117701.44364967616,	 55,	 115421.31513015393,	 33
118745.16957491916,	 55,	 115736.01510637611,	 13
118392.72346566721,	 55,	 115613.75683253311,	 8
118496.01902138357,	 55,	 115654.66432374994,	 23
118643.51085166121,	 55,	 115673.02855362999,	 33
119738.56868735806,	 55,	 116001.51279917074,	 30
120630.48676086467,	 55,	 116651.2915454944,	 19
120024.52057639789,	 55,	 116494.69296918725,	 44
118976.47388414244,	 55,	 115648.59691304622,	 46
119753.40053163169,	 55,	 116157.64998186722,	 22
120366.7623470522,	 55,	 116211.22906998068,	 10
119260.98191154089,	 55,	 116019.55876590636,	 23
120152.25815182022,	 55,	 116397.89500168728,	 23
119535.35285334854,	 55,	 116215.73752395177,	 15
119221.20211261617,	 55,	 116018.22263798874,	 22
119723.77887373786,	 55,	 116257.23600839895,	 43
119431.8222168861,	 55,	 115956.64393610455,	 13
119404.56902938803,	 55,	 115951.90127333296,	 11
119809.37097383302,	 55,	 116037.34531288277,	 16
118163.5474593861,	 55,	 115527.81408498446,	 9
118293.25318484392,	 55,	 115561.57294983052,	 4
117992.9703972387,	 55,	 115669.24180212215,	 17
118295.14827112702,	 55,	 115713.00910787398,	 39
117935.96837774965,	 55,	 115435.04789492738,	 12
118637.71910852028,	 55,	 115551.35441869224,	 6
118622.4036128817,	 55,	 115427.38245265375,	 39
118671.13387001741,	 55,	 115416.59592301081,	 41
118541.89211366941,	 55,	 115393.26322550773,	 31
119245.24326780856,	 55,	 115690.73104839415,	 31
118818.80678065642,	 55,	 115505.07761147544,	 35
118355.92108291268,	 55,	 115391.00275247349,	 46
118280.76685157411,	 55,	 115127.59991498922,	 45
117741.6417253149,	 55,	 114679.63197543075,	 27
117907.58057389097,	 55,	 114739.19936289484,	 30
116991.80776981195,	 55,	 114269.30817028474,	 33
116274.00849937246,	 55,	 113802.99415580972,	 22
115792.7013712191,	 55,	 113538.58909355666,	 13
115615.11270185155,	 55,	 113513.68246419028,	 34
117309.24442316298,	 55,	 114761.00930136241,	 40
118648.49635005146,	 55,	 115210.26621237744,	 25
119883.93743514759,	 55,	 115801.22354979458,	 7
119827.45838830963,	 55,	 115769.57009338577,	 7
119450.58674510886,	 55,	 115820.81746211794,	 34
119595.97488170082,	 55,	 116008.06093913704,	 34
120700.6790830011,	 55,	 116418.04598979103,	 15
120511.02833755723,	 55,	 116315.88633050778,	 15
121007.11928343594,	 55,	 116395.64536474374,	 7
120959.80095014158,	 55,	 116409.30654190188,	 7
121264.17429745958,	 55,	 116482.05608728286,	 9
121793.21244795166,	 55,	 116569.21534812116,	 19
121807.7554555055,	 55,	 116565.80910638363,	 19
122400.04424743503,	 55,	 116619.72049292992,	 35
122060.85016781518,	 55,	 116365.900860152,	 19
122190.36862579481,	 55,	 116384.42039785307,	 18
121915.80261612701,	 55,	 116299.98036281932,	 10
121425.25987476348,	 55,	 116174.30378634155,	 13
121501.43050052399,	 55,	 116216.41657729706,	 32
122222.36969127582,	 55,	 116580.97085821116,	 16
122629.53383264336,	 55,	 116613.4677729792,	 42
122911.32261800094,	 55,	 117807.23416310355,	 44
124134.50943000386,	 55,	 118280.84698809167,	 43
124960.93923122583,	 55,	 118501.89717616019,	 37
124908.912411456,	 55,	 118555.0765993112,	 43
125535.7291651082,	 55,	 119035.02758293788,	 43
124791.93792800691,	 55,	 118491.72812253554,	 12
124941.6839667318,	 55,	 118578.88783076504,	 12
125038.71148024227,	 55,	 118537.79097626905,	 21
125367.9695808006,	 55,	 118580.11840047894,	 31
125842.20231798706,	 55,	 118878.38667335018,	 15
125565.78452135173,	 55,	 118834.62898213824,	 19
125284.32262783473,	 55,	 118653.22773650309,	 32
125334.70179635898,	 55,	 118799.27768511689,	 11
125717.6040454434,	 55,	 118864.90893634396,	 7
124703.72108936308,	 55,	 118728.78808836525,	 7
124621.37848556515,	 55,	 118680.1429765241,	 25
124012.74189359299,	 55,	 118327.20473548867,	 37
125104.7057301045,	 55,	 118774.36585102121,	 17
125545.15106644954,	 55,	 119066.76094206418,	 11
125677.10716889506,	 55,	 119143.37114348175,	 27
125990.57928631411,	 55,	 119130.89710535745,	 37
125770.74398112703,	 55,	 119146.70121130587,	 40
125654.84406108313,	 55,	 119033.75734289712,	 33
126066.06559995489,	 55,	 119189.55218203609,	 22
125444.28574033934,	 55,	 118872.17555027112,	 20
126026.78389837041,	 55,	 119219.42123771524,	 32
125444.06133753086,	 55,	 118941.9527861926,	 32
125479.82757840627,	 55,	 119070.63529487973,	 15
125274.87884130684,	 55,	 119027.45994487777,	 20
125704.00748587909,	 55,	 119064.64095395288,	 43
125394.4790755043,	 55,	 118867.79215566501,	 19
126001.27340546514,	 55,	 119079.6741062294,	 16
127296.50869341721,	 55,	 119437.58063326305,	 26
127214.35986455646,	 55,	 119384.14828512009,	 8
127123.08847468454,	 55,	 119364.10341840876,	 8
126242.37990993039,	 55,	 119311.26992107382,	 20
126263.24454021083,	 55,	 119350.33216117689,	 32
126334.79945939404,	 55,	 119127.52283349977,	 45
126175.49479901967,	 55,	 119194.69864221243,	 42
127093.27794551065,	 55,	 119795.3568032985,	 18
126958.75053653,	 55,	 119745.22585443432,	 37
127035.05213843532,	 55,	 119846.69125328091,	 48
127173.82735909313,	 55,	 119955.25142426131,	 40
127349.94383983412,	 55,	 120181.22297558244,	 36
128183.32410584661,	 55,	 120627.63924731206,	 22
128678.28761352715,	 55,	 120839.45069726843,	 37
129311.10649115153,	 55,	 121325.57086366302,	 43
129654.12229561541,	 55,	 121513.1535034572,	 16
129841.80089507104,	 55,	 121507.23306196816,	 6
130203.47510647202,	 55,	 121447.06168287269,	 23
130978.71961784431,	 55,	 121972.0739101653,	 17
130874.8565586735,	 55,	 121889.81726424792,	 9
130935.94445803117,	 55,	 121835.3769641885,	 5
131002.4653815235,	 55,	 121816.06289398864,	 4
131030.77145600217,	 55,	 121754.83014051315,	 25
130755.17594183357,	 55,	 121654.49523447592,	 33
132068.38171763375,	 55,	 122634.84679977634,	 46
131916.17776634477,	 55,	 122289.2812946729,	 43
131914.72752842298,	 55,	 122212.45110325227,	 18
131401.48275629783,	 55,	 122039.0410879387,	 29
131150.18369845982,	 55,	 121922.15014453481,	 32
130931.4774652726,	 55,	 121702.82874932565,	 28
131003.89451005246,	 55,	 121742.76686502791,	 21
131424.70214929507,	 55,	 121874.62122064122,	 19
131422.97986774897,	 55,	 121910.58522651963,	 36
130774.89510868653,	 55,	 121544.44437162708,	 39
132023.60017134732,	 55,	 122393.5111127898,	 41
131848.55718970599,	 55,	 122300.44795893774,	 47
131782.31384687696,	 55,	 122160.47673340444,	 30
131499.0836079158,	 55,	 121982.01890673024,	 22
129785.81463677005,	 55,	 121320.2475989766,	 24
130095.30588467294,	 55,	 121352.87567285287,	 44
129843.18162745785,	 55,	 121203.4631898763,	 32
129540.28459847221,	 55,	 121049.82074279888,	 25
129235.75055896878,	 55,	 120887.31896843511,	 25
129866.4757670249,	 55,	 121485.67987587457,	 43
130744.06831908539,	 55,	 121564.2239588361,	 39
130868.18887245796,	 55,	 121918.56290605494,	 16
130925.5081631316,	 55,	 121886.71362856726,	 37
130595.64291181555,	 55,	 121561.73959028268,	 42
130732.67770519173,	 55,	 121533.96217033717,	 30
130268.36129345887,	 55,	 121432.08674272412,	 22
130368.94619125628,	 55,	 121407.30014688501,	 30
130470.28178823549,	 55,	 121504.27019643527,	 45
130555.07163979708,	 55,	 121432.48169107943,	 47
130013.9140004191,	 55,	 121214.28464556318,	 47
129923.09424820659,	 55,	 120931.1506505114,	 48
129073.49667612702,	 55,	 120247.12853550297,	 37
130155.82936212797,	 55,	 120866.68712700601,	 44
129624.75924103982,	 55,	 120545.4590214788,	 47
129505.78820138091,	 55,	 120431.39892096343,	 48
130379.20334794048,	 55,	 120748.73179762345,	 43
130002.01122995668,	 55,	 120903.84387300277,	 24
131293.7995195132,	 55,	 121528.91042230418,	 40
132063.33980955867,	 55,	 122207.07864564561,	 45
132280.57812771454,	 55,	 122137.9254534063,	 27
132175.44561204943,	 55,	 122147.86510077784,	 36
132067.81353861053,	 55,	 122027.51204595817,	 40
132247.36746267806,	 55,	 122112.18155759797,	 17
132335.5532615241,	 55,	 122100.88522861271,	 11
132163.2744384408,	 55,	 122071.49981873503,	 37
131973.52862356172,	 55,	 122071.37297596189,	 38
132874.4554160233,	 55,	 122537.74957996178,	 29
132655.9871535424,	 55,	 122530.9867615106,	 22
132599.82764527973,	 55,	 122630.70892841577,	 38
132659.45115896015,	 55,	 122498.57655045045,	 38
132367.00006167393,	 55,	 122253.4836709377,	 27
132337.71597595172,	 55,	 122243.69679218305,	 18
132971.1291804794,	 55,	 122410.44845127671,	 19
132823.51390522582,	 55,	 122349.5935008616,	 24
130606.80017377289,	 55,	 121351.37670762016,	 9
131056.09844211947,	 55,	 121344.61833958596,	 9
131700.5713116586,	 55,	 121832.2441969197,	 40
132615.8030611966,	 55,	 122277.72018194139,	 45
132651.2823580787,	 55,	 122524.97466878693,	 33
133181.7643807378,	 55,	 122620.76321456759,	 13
133668.91444892046,	 55,	 122780.33149255547,	 32
133825.3642218545,	 55,	 122819.54693848541,	 36
133537.46409118394,	 55,	 122782.06307580735,	 30
133555.681816644,	 55,	 122536.46752065915,	 12
134624.56431721523,	 55,	 122474.69755030505,	 30
134752.16315192546,	 55,	 122922.89077875506,	 37
134935.4625046333,	 55,	 122984.33737271637,	 23
134580.7084754556,	 55,	 122810.23349562282,	 18
134527.52766666797,	 55,	 122861.54016100724,	 19
134831.64928915107,	 55,	 122813.48487047505,	 41
134544.91637624227,	 55,	 122515.2676470669,	 34
134183.22849423237,	 55,	 122500.76622098146,	 33
134907.9550730395,	 55,	 122788.88861881848,	 43
134734.7444032233,	 55,	 122853.12216946931,	 45
134228.6691623713,	 55,	 122175.92328482485,	 23
134616.7896041374,	 55,	 122262.3232917288,	 9
135504.01148850308,	 55,	 122298.71015952357,	 39
134994.77030964495,	 55,	 122021.04494283539,	 41
134689.43290021433,	 55,	 121833.4238207073,	 21
134860.57945064807,	 55,	 121854.02375005107,	 14
134878.97638567822,	 55,	 121889.98437583815,	 39
135114.82554807066,	 55,	 122004.847569843,	 42
134047.142936127,	 55,	 121218.60228291436,	 42
134545.02269285315,	 55,	 121879.6226150346,	 39
133663.09540012447,	 55,	 120942.80486410312,	 46
134206.95128829574,	 55,	 121470.75438963533,	 46
134563.2056772913,	 55,	 121774.52392081197,	 13
134474.99773583515,	 55,	 121687.02944827257,	 36
133427.8572951286,	 55,	 121048.22838969143,	 21
133764.57108731332,	 55,	 121264.97563406304,	 19
134470.00583670582,	 55,	 121416.18818903802,	 26
134173.95021785787,	 55,	 121271.48265080032,	 43
135184.3007053632,	 55,	 122027.96094090038,	 39
135381.77332611234,	 55,	 122337.62776206051,	 11
136036.54643381864,	 55,	 122585.75155685133,	 32
136220.49544431944,	 55,	 122662.80683905573,	 35
135912.64343770064,	 55,	 122444.71048427031,	 10
136809.79848074404,	 55,	 122657.48448921443,	 30
136982.74283998038,	 55,	 122750.31569264398,	 32
136631.6482123085,	 55,	 122619.75714589858,	 17
136724.0426270937,	 55,	 122640.49896101415,	 17
137182.77410934193,	 55,	 122776.4918921302,	 22
137261.57229497097,	 55,	 122766.41309431732,	 7
136937.32204293727,	 55,	 122733.31494061062,	 6
136568.1012306576,	 55,	 122587.91319655016,	 31
136795.3735207397,	 55,	 122726.35015906053,	 41
137006.9141235435,	 55,	 122978.07319232203,	 44
136962.18481571868,	 55,	 122664.65277943111,	 47
136929.27273307447,	 55,	 122737.9761633089,	 15
137026.54347978623,	 55,	 122784.70589519809,	 7
137158.23278095314,	 55,	 122788.93890102083,	 33
136998.1270282331,	 55,	 122602.5553735783,	 40
136398.84254327274,	 55,	 122186.13821902552,	 44
135062.8319533518,	 55,	 121074.81280639488,	 36
135168.78297548147,	 55,	 121137.08379610165,	 31
136191.27156808006,	 55,	 121827.96566573244,	 39
136472.8959494317,	 55,	 121904.22956883821,	 39
136676.2105533548,	 55,	 121951.99824270871,	 14
134631.799921127,	 55,	 121461.91334655651,	 6
134180.59399818882,	 55,	 121441.13646094494,	 21
134245.66759078877,	 55,	 121460.21559333136,	 28
135248.10853274088,	 55,	 122066.75328359459,	 19
135335.0611181842,	 55,	 121889.55130614155,	 6
135117.0479671738,	 55,	 121777.50342812802,	 32
135313.00336879957,	 55,	 121974.78814049812,	 36
135306.90895214016,	 55,	 121861.72199279288,	 18
134894.50839715166,	 55,	 121934.13261864032,	 39
135852.04566979426,	 55,	 122292.1385570256,	 44
136466.01862409874,	 55,	 122954.49843984637,	 18
137044.07132075052,	 55,	 123024.9639612996,	 16
135875.38833988807,	 55,	 122734.35260467217,	 20
136489.47775550868,	 55,	 122932.05552005119,	 20
136491.48049827592,	 55,	 122881.94107184047,	 8
136255.8295807129,	 55,	 122873.3250094365,	 8
137644.03741337295,	 55,	 122993.17346363483,	 27
137992.1899521525,	 55,	 123423.32270343506,	 38
138086.49436275227,	 55,	 123475.60318048205,	 25
138209.98427969418,	 55,	 123441.31229145275,	 25
138178.44800914006,	 55,	 123485.5267977633,	 30
138681.57890655822,	 55,	 123640.6699336975,	 19
138724.1367935037,	 55,	 123674.91848136412,	 8
138900.12252367436,	 55,	 123388.28451972971,	 29
138450.6393442403,	 55,	 123472.12850301847,	 31
138450.58013669075,	 55,	 123422.68797765333,	 22
138179.1147845774,	 55,	 123170.64765109627,	 11
138244.0362521373,	 55,	 123230.30448785477,	 21
138442.36572228823,	 55,	 123289.6755665111,	 14
139013.98660310506,	 55,	 123380.13284577538,	 7
138924.3460837262,	 55,	 123392.09993512814,	 35
139751.932844805,	 55,	 123712.79536338663,	 38
140145.01839375618,	 55,	 124181.17767942391,	 36
140250.72764616166,	 55,	 124124.02412706535,	 13
141105.51400922422,	 55,	 124326.21355188577,	 15
140902.80889571455,	 55,	 124329.79427635061,	 15
140785.81203719595,	 55,	 124226.98297450859,	 29
140977.1411038277,	 55,	 124361.07336384035,	 21
141483.86467006855,	 55,	 124445.03824767268,	 32
141189.83686193003,	 55,	 124313.94432619112,	 42
141373.3062593884,	 55,	 124445.09479807131,	 30
141381.06650219118,	 55,	 124523.10754076083,	 10
141742.99542431737,	 55,	 124403.77456988802,	 34
141840.79765448236,	 55,	 124559.18251675021,	 42
141491.2121518017,	 55,	 124540.28900190967,	 43
142264.9001515801,	 55,	 124981.68597658996,	 36
142039.18803561662,	 55,	 124793.17450331915,	 35
142251.0178746517,	 55,	 124880.26553710178,	 43
141287.67231356024,	 55,	 124405.07806164557,	 47
141796.15889798503,	 55,	 124590.03974127807,	 37
142770.79439158482,	 55,	 124940.08833741577,	 34
142243.74745517943,	 55,	 124962.98150482235,	 38
142515.4538594467,	 55,	 125075.08090347613,	 40
142676.47331560694,	 55,	 125197.05921234455,	 24
142555.07381478153,	 55,	 125188.4588888787,	 21
143039.51328364253,	 55,	 125240.06444076158,	 27
143274.2938047471,	 55,	 125383.64344651272,	 34
143164.61270474584,	 55,	 125386.35571662575,	 10
143579.0484174356,	 55,	 125378.89681890995,	 5
143103.41804721096,	 55,	 125565.91030151752,	 34
142660.19706508372,	 55,	 125382.92910747268,	 36
143004.3799179683,	 55,	 125310.61406519808,	 17
142740.27095938718,	 55,	 125249.26085649748,	 14
142019.1548754578,	 55,	 125055.02212239928,	 14
142663.62149804342,	 55,	 125282.37863737276,	 39
142753.17986682255,	 55,	 125194.4034908607,	 33
142974.40705985168,	 55,	 125256.9546733735,	 42
143909.32673391316,	 55,	 125967.10722044478,	 43
143798.71930962868,	 55,	 125865.65712992304,	 18
144089.81524158278,	 55,	 125955.58403106376,	 13
144048.6288591931,	 55,	 125926.24059426831,	 21
144990.0115036987,	 55,	 126255.35371270758,	 15
145184.5834316396,	 55,	 126284.90619598229,	 8
145997.44279160682,	 55,	 126289.71719633805,	 24
145392.42725924664,	 55,	 126082.24812236102,	 37
146133.92285064622,	 55,	 126524.75413025424,	 21
145595.39807185158,	 55,	 126300.7024121207,	 11
145425.1357224409,	 55,	 126355.412549767,	 37
145628.71745944733,	 55,	 126568.72522450125,	 41
146691.96508322336,	 55,	 127073.8115497635,	 39
146972.37777913167,	 55,	 127418.3332702991,	 45
147278.35593453582,	 55,	 127619.99082634329,	 47
147438.00476112703,	 55,	 127725.33123119532,	 46
146841.799921127,	 55,	 127216.68718319533,	 45
148101.8251017979,	 55,	 128280.40252828637,	 45
148707.2926716736,	 55,	 128881.63804991869,	 45
148456.66162396624,	 55,	 128527.27829594308,	 42
148302.4887577312,	 55,	 128339.94164126959,	 43
148587.2867938647,	 55,	 128584.97744535297,	 45
148399.26563456687,	 55,	 128455.86324801594,	 36
148269.4626362157,	 55,	 128376.1159498885,	 36
148512.21372888418,	 55,	 128387.15310082852,	 12
148740.08939915188,	 55,	 128395.13275051097,	 33
148029.80525612703,	 55,	 128028.62517013768,	 43
148725.17316029724,	 55,	 128733.49617906596,	 35
149864.35505342847,	 55,	 129170.79531470378,	 11
150690.72907998884,	 55,	 129262.66904144578,	 4
151728.32023550812,	 55,	 129321.91573111896,	 4
151670.70032023478,	 55,	 129369.48659126488,	 6
152150.70825946948,	 55,	 129402.5667902266,	 16
151577.46538941152,	 55,	 129286.75852162755,	 15
153020.93871072624,	 55,	 129511.83170847542,	 7
153343.30606710052,	 55,	 129649.60173351728,	 27
153646.4589603927,	 55,	 129396.37172059872,	 34
154051.47563631143,	 55,	 129880.83263506669,	 14
154674.36319000143,	 55,	 129916.83378853237,	 11
155402.33298726476,	 55,	 130124.07888261112,	 21
156695.80595970136,	 55,	 130180.27338405068,	 30
156774.8670868432,	 55,	 130784.53397205423,	 23
156569.8670838562,	 55,	 130669.7759148047,	 20
156767.51945500332,	 55,	 130768.71826203252,	 28
158182.41561117722,	 55,	 131458.72787651297,	 35
157909.25280114973,	 55,	 131222.4709436106,	 24
156045.97817506752,	 55,	 130407.62239873278,	 37
156167.87476232124,	 55,	 130251.18948997793,	 37
155939.83114937897,	 55,	 130324.71643694573,	 22
152830.66834368417,	 55,	 129102.0612392869,	 11
146121.48053062244,	 55,	 127736.46352077597,	 36
145325.51241124966,	 55,	 127927.40612765116,	 44
148466.05918234782,	 55,	 129566.55858326898,	 35
142928.1474359982,	 55,	 126023.58368096405,	 30
143799.87932224604,	 55,	 126349.6206836958,	 34
145589.7907565726,	 55,	 127996.5848937626,	 35
146709.18201831958,	 55,	 128614.25237251143,	 28
148249.20006950444,	 55,	 129496.29376188596,	 25
149641.75874917075,	 55,	 130285.82725752493,	 36
151065.6037960912,	 55,	 130441.98427926173,	 40
150297.498899143,	 55,	 129787.95850548094,	 45
149553.2743340527,	 55,	 129344.74679559466,	 21
149461.9340346337,	 55,	 129360.97467358534,	 14
150661.42930453637,	 55,	 129955.13351448772,	 37
153154.66903390878,	 55,	 130676.90390370897,	 40
151913.64155298437,	 55,	 129978.32908418118,	 12
150233.2634572556,	 55,	 129601.84343694552,	 6
147882.5346428033,	 55,	 129520.60442386419,	 16
148186.15574817118,	 55,	 129473.88048942067,	 31
148867.13021212682,	 55,	 130271.37711888694,	 20
150430.27195850734,	 55,	 130962.46582902581,	 13
150859.5999182405,	 55,	 130881.50086130395,	 35
150950.54341859184,	 55,	 131447.23175324668,	 36
153861.1066324659,	 55,	 132668.940592447,	 16
154023.52425280173,	 55,	 133016.07325579584,	 10
152766.4192073077,	 55,	 132843.84030495578,	 34
152162.1987314656,	 55,	 132338.57110258215,	 16
151984.98063274825,	 55,	 132348.03537644004,	 7
152292.7459100867,	 55,	 132331.8855991778,	 37
149316.75218003558,	 55,	 131025.31158758579,	 45
150411.30798629907,	 55,	 131051.72756396275,	 12
150044.4034602585,	 55,	 131016.8447629384,	 9
146284.68849231908,	 55,	 130386.65490910213,	 14
143281.37656027937,	 55,	 129596.18558052098,	 5
146452.65201974983,	 55,	 129779.31260061801,	 5
144300.7829833918,	 55,	 130067.30302963995,	 34
143900.73339593766,	 55,	 129873.31322611752,	 36
145524.4508274479,	 55,	 130931.6782320744,	 26
142952.5709032091,	 55,	 129034.90998020672,	 20
143557.3342948691,	 55,	 129668.91743109286,	 15
145890.49376328636,	 55,	 130689.88609561697,	 23
147339.586938654,	 55,	 130979.52097755345,	 42
143303.97305424022,	 55,	 128521.70785197477,	 42
144656.5310395333,	 55,	 129277.24280144472,	 43
146878.59961286376,	 55,	 130843.05817794577,	 43
146259.18272242526,	 55,	 130436.82919061463,	 41
146961.18448658942,	 55,	 131152.72896403997,	 11
146840.64358207717,	 55,	 130982.92310472678,	 14
147717.64804750177,	 55,	 131405.13086618017,	 18
149215.07724542083,	 55,	 131830.164837176,	 15
149744.0823708786,	 55,	 131997.4064887066,	 18
148580.95352873206,	 55,	 131736.85858249565,	 39
147491.29979367388,	 55,	 130612.86304865859,	 23
147297.28718294838,	 55,	 130773.75802484396,	 27
145528.0171450813,	 55,	 129645.2199649099,	 40
145127.64297625262,	 55,	 129974.34547311514,	 20
147350.3591416581,	 55,	 130640.42857942407,	 8
147500.7573973821,	 55,	 130468.57311997417,	 27
146623.4907119959,	 55,	 130160.55868430772,	 37
146840.92488462522,	 55,	 129896.31376066818,	 15
146011.2030417494,	 55,	 130058.10301330226,	 15
