0.03575484	
0.03573831	
0.035760514	
0.03573901	
0.035754465	
0.03574073	
0.035748176	
0.035741646	
0.03575898	
0.03573992	
0.035748724	
0.035751693	
0.035747867	
0.035745353	
0.03573574	
0.035755977	
0.035739724	
0.035749245	
0.035749942	
0.035746086	
0.035746578	
0.035746977	
0.035756756	
0.035746045	
0.035745647	
0.035746086	
0.035745822	
0.035761002	
0.035738718	
0.035760347	
0.035738483	
0.03575513	
0.035742477	
0.035748083	
0.035745896	
0.03574813	
0.035753414	
0.035746515	
0.035750434	
0.03571842	
0.035741035	
0.035748597	
0.035758644	
0.035739567	
0.035703298	
0.03575449	
0.03573634	
0.03576303	
0.035718225	
0.035743803	
0.03575278	
0.035749655	
0.03574428	
0.035751265	
0.035745345	
0.03574439	
0.03575236	
0.03573853	
0.035754927	
0.03573727	
0.03575503	
0.035748757	
0.035747677	
0.03574442	
0.03575108	
0.035749704	
0.035750948	
0.035736177	
0.03575961	
0.035734847	
0.03574762	
0.035754547	
0.03573943	
0.035751987	
0.03574496	
0.035747793	
0.0357483	
0.03575309	
0.035739258	
0.035756677	
0.035741724	
0.0357556	
0.035743453	
0.035749014	
0.035746336	
0.035751183	
0.03574589	
0.035748348	
0.03574901	
0.035740502	
0.035756145	
0.035741974	
0.03575306	
0.03574335	
0.035751756	
0.035751853	
0.035748918	
0.035744563	
0.035749037	
0.035747677	
0.035753995	
0.035746317	
0.03570585	
0.035744898	
0.035748556	
0.03575694	
0.03573205	
0.03575137	
0.03574788	
0.035743482	
0.035747994	
0.03574351	
0.035757154	
0.035742488	
0.035744507	
0.035750285	
0.03574077	
0.03574936	
0.035748232	
0.035750758	
0.035731327	
0.035745163	
0.03575537	
0.035737015	
0.03575873	
0.035753682	
0.03575475	
0.03574317	
0.035752226	
0.035756733	
0.03574155	
0.035752695	
0.035752945	
0.03575142	
0.03574754	
0.03575518	
0.035750564	
0.03575533	
0.035752635	
0.03574649	
0.035759028	
0.03575305	
0.035759147	
0.035747755	
0.035759788	
0.035747364	
0.035758864	
0.035741754	
0.035761736	
0.035741463	
0.03576515	
0.03573571	
0.035666194	
0.035767652	
0.03573847	
0.03576939	
0.03574602	
0.035754357	
0.03575775	
0.035750654	
0.035769515	
0.03574428	
0.03575885	
0.035742313	
0.035781197	
0.03573889	
0.035738215	
0.035714358	
0.03577403	
0.035723265	
0.035791542	
0.035715297	
0.035759106	
0.035736058	
0.035772417	
0.03571818	
0.035769604	
0.035715815	
0.035784386	
0.03575209	
0.035747383	
0.035743076	
0.035768963	
0.03574884	
0.035772037	
0.035747427	
0.035761323	
0.035742886	
0.03575671	
0.035742037	
0.03575042	
0.035742782	
0.035783093	
0.035742003	
0.03577527	
0.03573776	
0.035762653	
0.035732605	
0.035757408	
0.03573713	
0.035769578	
0.035752602	
0.035759304	
0.035746444	
0.035753623	
0.035748065	
0.035753798	
0.03574573	
0.035757653	
0.035746716	
0.035756033	
0.03574447	
0.035757426	
0.035744272	
0.035749752	
0.035747714	
0.035759978	
0.035736993	
0.03577506	
0.035733163	
0.03577521	
0.035735436	
0.035754062	
0.03574424	
0.035748262	
0.035740335	
0.035748955	
0.03568018	
0.035750743	
0.03574114	
0.035759095	
0.035756014	
0.035747048	
0.035756968	
0.03574753	
0.035756536	
0.035737753	
0.035761468	
0.035748288	
0.03575804	
0.03575097	
0.0357589	
0.03575045	
0.03575578	
0.03574837	
0.035753377	
0.035744842	
0.035768364	
0.03574183	
0.03576533	
0.035739962	
0.035762474	
0.03574021	
0.03576487	
0.03574103	
0.035752177	
0.03572377	
0.035763506	
0.03574199	
0.03575929	
0.03573738	
0.03576381	
0.035739258	
0.03575641	
0.035747264	
0.035760745	
0.035743285	
0.035758637	
0.035743643	
0.03576206	
0.035739273	
0.03575947	
0.03573403	
0.03578051	
0.035727352	
0.035742767	
0.03573399	
0.035759382	
0.035753936	
0.03574274	
0.035748016	
0.035751916	
0.035749093	
0.035759922	
0.035745192	
0.035746936	
0.03574641	
0.03576603	
0.03574118	
0.03576434	
0.035732366	
0.03575225	
0.03574383	
0.035755	
0.035743244	
0.03569608	
0.035751816	
0.035760954	
0.0357583	
0.035735227	
0.03575063	
0.035742946	
0.03574456	
0.035766114	
0.035745516	
0.0357596	
0.03575065	
0.035750885	
0.03574984	
0.035753325	
0.035751037	
0.03574924	
0.035748698	
0.035751697	
0.035746127	
0.03576361	
0.035746247	
0.03575909	
0.035739582	
0.0357552	
0.03574487	
0.035755794	
0.035748307	
0.035746187	
0.035739377	
0.03576097	
0.03574528	
0.035751536	
0.035739094	
0.035747755	
0.03574814	
0.035750117	
0.035739515	
0.035747174	
0.035726987	
0.03573373	
0.03574695	
0.03577489	
0.035747696	
0.035734758	
0.03574929	
0.035729244	
0.035760358	
0.03573588	
0.035746623	
0.03576615	
0.03574762	
0.035766575	
0.03574146	
0.035749827	
0.035749253	
0.035756554	
0.03574641	
0.03570814	
0.03571418	
0.035768867	
0.035754856	
0.035741694	
0.03577054	
0.035713412	
0.035746388	
0.035781357	
0.03578518	
0.03572651	
0.035741374	
0.03576622	
0.035763815	
0.035745308	
0.035742294	
0.035766874	
0.03575821	
0.035749808	
0.03572388	
0.035789125	
0.035757687	
0.03574813	
0.035745412	
0.035769958	
0.03575094	
0.03574971	
0.03574772	
0.03576854	
0.035731506	
0.035761256	
0.035741545	
0.035761647	
0.035760757	
0.035751168	
0.035749454	
0.035748303	
0.03574174	
0.035765015	
0.035759978	
0.03574949	
0.03572145	
0.03577152	
0.035759248	
0.035749044	
0.03575847	
0.0357533	
0.035747178	
0.035757747	
0.035710987	
0.035071254	
0.03578397	
0.035616033	
0.035875168	
0.035700943	
0.03577405	
0.03575027	
0.035768673	
0.0357597	
0.03575888	
0.035774067	
0.035733663	
0.035776183	
0.035767578	
0.035670158	
0.035678916	
0.035820253	
0.035826795	
0.035669766	
0.035684153	
0.035831723	
0.035726998	
0.035751816	
0.03566439	
0.03582041	
0.03571858	
0.035745066	
0.035703473	
0.035810564	
0.035768438	
0.035698257	
0.0356978	
0.03578292	
0.035761017	
0.035708886	
0.035739325	
0.03579844	
0.03579775	
0.03573946	
0.03574764	
0.03578656	
0.035745636	
0.035749387	
0.03575067	
0.03576622	
0.035743415	
0.035741713	
0.035740785	
0.035780206	
0.035745908	
0.035736945	
0.03573879	
0.03576744	
0.03576214	
0.03574081	
0.03574393	
0.035763707	
0.03574647	
0.035755847	
0.035746057	
0.035751317	
0.03575077	
0.035767365	
0.035745926	
0.035756238	
0.035746086	
0.035755485	
0.03574208	
0.03576735	
0.035743196	
0.035772987	
0.03573238	
0.035763007	
0.035744265	
0.03575861	
0.03571793	
0.035735965	
0.035753272	
0.035753492	
0.035740625	
0.035749897	
0.035735197	
0.035765808	
0.035734255	
0.035761006	
0.035738092	
0.035745796	
0.03575253	
0.03573658	
0.03575367	
0.03574388	
0.035753038	
0.03574877	
0.035744593	
0.035749037	
0.03574653	
0.03574776	
0.035754327	
0.035744045	
0.03575011	
0.035737354	
0.03575984	
0.03574437	
0.035749257	
0.035742737	
0.035757266	
0.035741415	
0.035760976	
0.035740275	
0.035756968	
0.035742797	
0.035757236	
0.035740066	
0.03575973	
0.035738904	
0.03577049	
0.03573886	
0.035766516	
0.035735678	
0.035754826	
0.03573855	
0.035752837	
0.03575125	
0.035738118	
0.03575302	
0.035708785	
0.035758812	
0.03573819	
0.035758685	
0.03574472	
0.035751767	
0.03574923	
0.035745412	
0.03574557	
0.03574895	
0.035754316	
0.035750728	
0.035751652	
0.035730887	
0.0357477	
0.03574008	
0.035755567	
0.035745826	
0.035345398	
0.035760384	
0.03573127	
0.035795882	
0.03572619	
0.035746012	
0.035754982	
0.035756953	
0.035745103	
0.03574859	
0.035757966	
0.03574178	
0.035758663	
0.035737723	
0.035761047	
0.035740387	
0.035761226	
0.035745148	
0.035753604	
0.03573771	
0.03575795	
0.035749055	
0.035751298	
0.03574484	
0.035756916	
0.03574895	
0.035745222	
0.035751652	
0.035754282	
0.0357537	
0.035748776	
0.035749223	
0.03575287	
0.035747387	
0.035751324	
0.035745703	
0.035753258	
0.035744976	
0.035755105	
0.035741568	
0.035750505	
0.035746813	
0.035751093	
0.03574366	
0.035747383	
0.035739493	
0.03575274	
0.035744987	
0.035750385	
0.035742126	
0.035756506	
0.035747707	
0.03575067	
0.035750095	
0.03577125	
0.035741065	
0.03576324	
0.035738066	
0.035714447	
0.03573582	
0.035761446	
0.035752457	
0.035754416	
0.03574663	
0.035753928	
0.03574568	
0.035759028	
0.035751827	
0.03576671	
0.035732094	
0.035753574	
0.035750523	
0.035753738	
0.035757296	
0.035756372	
0.03574612	
0.03577334	
0.035734687	
0.035769723	
0.035726495	
0.035771076	
0.035745263	
0.035755005	
0.03574419	
0.035758447	
0.035742696	
0.035759293	
0.03574005	
0.03575876	
0.035740502	
0.03574425	
0.03574687	
0.035748724	
0.035749283	
0.03575506	
0.035745017	
0.03569114	
0.035778992	
0.0357343	
0.035761785	
0.03574386	
0.035740796	
0.035753295	
0.03574369	
0.0357533	
0.035746846	
0.03574618	
0.035702497	
0.03553664	
0.035825297	
0.03559864	
0.035816442	
0.0357049	
0.035782296	
0.03573925	
0.03575443	
0.035755374	
0.035742324	
0.03575765	
0.03574632	
0.035743065	
0.035746366	
0.035728168	
0.035730533	
0.035775196	
0.035764694	
0.035749096	
0.035738397	
0.03576887	
0.035754886	
0.035758074	
0.035737928	
0.035748936	
0.03575741	
0.03575051	
0.035754517	
0.03575753	
0.035754003	
0.035760626	
0.035744745	
0.03576689	
0.035749577	
0.035763554	
0.035738215	
0.035769813	
0.03574406	
0.03575772	
0.035755523	
0.03575402	
0.035749726	
0.035750136	
0.03575199	
0.035754517	
0.035747375	
0.035766315	
0.03574965	
0.035755105	
0.03574845	
0.03576265	
0.035749458	
0.03575897	
0.03575	
0.035760846	
0.03574701	
0.035763662	
0.035749905	
0.03575896	
0.035745207	
0.0357674	
0.035738643	
0.035757188	
0.03575006	
0.035750214	
0.03574588	
0.035759743	
0.03575284	
0.035754018	
0.03573971	
0.03576887	
0.03575024	
0.03575432	
0.03574329	
0.035762265	
0.035703328	
0.035760187	
0.035733197	
0.035793383	
0.035718612	
0.035773832	
0.035736594	
0.0357692	
0.035733685	
0.035763305	
0.035744254	
0.03575462	
0.03574116	
0.035744075	
0.035744	
0.035754133	
0.03575047	
0.03575016	
0.035753828	
0.03574726	
0.035744663	
0.0357534	
0.035756946	
0.03575592	
0.03574865	
0.035753634	
0.035749227	
0.03574803	
0.035748832	
0.035745915	
0.03574327	
0.03574914	
0.035753578	
0.03574542	
0.035745934	
0.035749022	
0.035751134	
0.035751946	
0.0357466	
0.035747346	
0.03575048	
0.035748415	
0.035734717	
0.03576106	
0.03574178	
0.035744067	
0.03575021	
0.035749815	
0.035750095	
0.035738356	
0.03575494	
0.035723493	
0.035761118	
0.035733037	
0.035752594	
0.035742667	
0.03575935	
0.0357413	
0.035751235	
0.035748877	
0.035743136	
0.035746545	
0.035754457	
0.03569341	
0.03575036	
0.03574171	
0.035762355	
0.035739593	
0.035702255	
0.03573678	
0.0357467	
0.035762265	
0.035730664	
0.035756987	
0.03571137	
0.035686083	
0.035785552	
0.03571843	
0.035766244	
0.03573732	
0.035757534	
0.03574412	
0.03574685	
0.035749376	
0.035749335	
0.03575176	
0.035746817	
0.03575062	
0.03574557	
0.035733473	
0.035755344	
0.035736386	
0.035751283	
0.0357473	
0.03575583	
0.035746004	
0.035751943	
0.03574867	
0.035744168	
0.03574886	
0.035747945	
0.0357414	
0.03574152	
0.035766713	
0.035762712	
0.035748065	
0.035747167	
0.035771854	
0.035737824	
0.03576785	
0.03575487	
0.035749998	
0.035740785	
0.03576634	
0.035755545	
0.035755046	
0.035739403	
0.03576164	
0.03573157	
0.035780042	
0.035727736	
0.035770223	
0.035736714	
0.035763822	
0.035743	
0.035758425	
0.035719123	
0.03575305	
0.03574141	
0.035760716	
0.035730667	
0.03575956	
0.03574184	
0.035755713	
0.035742167	
0.0357567	
0.03574133	
0.035755787	
0.035742372	
0.035752445	
0.035746362	
0.03574986	
0.035739455	
0.03575128	
0.035753474	
0.035745807	
0.03575224	
0.03574711	
0.03574844	
0.035752516	
0.035746917	
0.0357522	
0.035747975	
0.035753936	
0.035746895	
0.03575557	
0.03574526	
0.035749197	
0.03574733	
0.035751622	
0.03574597	
0.035749696	
0.035745975	
0.03574899	
0.03575334	
0.035744857	
0.035752144	
0.035745528	
0.035749078	
0.03574877	
0.035747074	
0.035748605	
0.035746276	
0.03575078	
0.035744794	
0.035702	
0.03552093	
0.03584196	
0.03564167	
0.03581481	
0.035703104	
0.035768356	
0.035745546	
0.035747282	
0.035755076	
0.03574593	
0.03575519	
0.035746064	
0.03575608	
0.035741094	
0.035683893	
0.035748996	
0.03574477	
0.03576533	
0.03575293	
0.035742283	
0.035757575	
0.035755254	
0.035756268	
0.03574358	
0.035748903	
0.035758257	
0.035752404	
0.035748824	
0.035760373	
0.035756998	
0.035753686	
0.03574589	
0.035766713	
0.035753198	
0.035767775	
0.035735883	
0.035777155	
0.035745133	
0.035760302	
0.03574733	
0.035764802	
0.035735488	
0.03575867	
0.03574788	
0.03575737	
0.035741564	
0.0357387	
0.03574906	
0.035799533	
0.035742696	
0.03570476	
0.035734877	
0.035762783	
0.035760947	
0.035741635	
0.0357471	
0.03575813	
0.035750855	
0.035745982	
0.0357445	
0.035765473	
0.035750445	
0.035736743	
0.03574196	
0.03575465	
0.035736114	
0.035765372	
0.035750035	
0.035755683	
0.03574572	
0.03576455	
0.035750136	
0.03574166	
0.035744146	
0.03576967	
0.035705317	
0.03574282	
0.035738617	
0.035766087	
0.035738822	
0.035751138	
0.035734393	
0.035741195	
0.035751183	
0.035758667	
0.03574174	
0.03577703	
0.0357414	
0.0357582	
0.03574008	
0.035767626	
0.035740215	
0.035753928	
0.035742123	
0.03575112	
0.035747536	
0.03575685	
0.035744853	
0.035751767	
0.03574394	
0.035746124	
0.03572887	
0.035756968	
0.035747826	
0.03575067	
0.035737548	
0.035757348	
0.03574037	
0.03575633	
0.035746448	
0.0357495	
0.035750724	
0.03575266	
0.03574676	
0.035742797	
0.035754744	
0.035746917	
0.035761975	
0.03574393	
0.035761073	
0.03573748	
0.035755105	
0.03574728	
0.03575048	
0.035747733	
0.03573656	
0.03575225	
0.035744544	
0.035757676	
0.03575139	
0.03576227	
0.03575268	
0.03574943	
0.035759367	
0.03574961	
0.035758175	
0.03574527	
0.035764944	
0.03569773	
0.035758417	
0.035741884	
0.03577008	
0.035731226	
0.03568036	
0.035746776	
0.03576127	
0.03576188	
0.03575876	
0.035748202	
0.035761103	
0.035721403	
0.035739668	
0.035770096	
0.035739165	
0.035774253	
0.03573529	
0.03575512	
0.03575603	
0.035758227	
0.035752535	
0.035744872	
0.035759743	
0.035749964	
0.035758875	
0.035748668	
0.03576727	
0.03574045	
0.035752427	
0.035737485	
0.035771668	
0.035756353	
0.03575605	
0.03574367	
0.035763726	
0.035754636	
0.03575596	
0.035744663	
0.035758022	
0.035745617	
0.035767272	
0.035742737	
0.03576671	
0.035733107	
0.035768215	
0.03574332	
0.035760686	
0.035739344	
0.035767406	
0.0357408	
0.035759673	
0.035740826	
0.035755903	
0.03574356	
0.03575492	
0.035745308	
0.03575121	
0.035744175	
0.035752386	
0.03574662	
0.03575192	
0.035748526	
0.035747163	
0.035745412	
0.03575457	
0.035748303	
0.035750724	
