Passive_Agent, Active_Agent, Active_Agent_Shares
0.0,	 99990.0,	 0
0.0,	 99980.0,	 0
0.0,	 100090.72469750769,	 28
0.0,	 100052.72854921428,	 38
0.0,	 100482.46155235593,	 49
0.0,	 100952.00499430043,	 51
0.0,	 100706.28227136668,	 52
0.0,	 99598.96899645783,	 52
0.0,	 99251.77192357513,	 52
0.0,	 99326.51425853299,	 55
0.0,	 99518.59479489746,	 55
0.0,	 99574.30876710788,	 55
0.0,	 100167.32044841597,	 55
0.0,	 101092.52668830888,	 55
0.0,	 101521.22056009468,	 55
0.0,	 102035.19736363085,	 55
0.0,	 102284.59668568855,	 55
0.0,	 102632.25500449896,	 55
0.0,	 102906.56573183522,	 55
0.0,	 102840.16326432985,	 55
0.0,	 103199.13926839604,	 55
0.0,	 102417.38665637418,	 55
0.0,	 102358.44332487517,	 55
0.0,	 102075.44039253544,	 55
0.0,	 102604.8718037281,	 55
0.0,	 102417.86505489958,	 55
0.0,	 102740.1976970976,	 55
0.0,	 102612.14954405722,	 55
0.0,	 101655.85873777317,	 55
0.0,	 102302.30319300105,	 55
0.0,	 103332.87956036316,	 55
0.0,	 103026.40562702721,	 55
0.0,	 102768.38082215584,	 55
0.0,	 102802.32539559767,	 55
0.0,	 103058.61348732054,	 55
0.0,	 101880.29278886801,	 55
0.0,	 100153.49075509526,	 55
0.0,	 99230.59025421277,	 55
0.0,	 99777.50203777102,	 55
0.0,	 99167.86759394094,	 55
0.0,	 99627.53154072304,	 55
0.0,	 99216.57793854107,	 55
0.0,	 97455.50964878673,	 55
0.0,	 97751.72918211739,	 55
0.0,	 97440.78175608051,	 55
0.0,	 99166.75262806613,	 55
0.0,	 100134.91707692352,	 55
0.0,	 100243.11504938338,	 55
0.0,	 101141.25710667047,	 55
0.0,	 101588.45991314633,	 55
0.0,	 101928.28994306739,	 55
0.0,	 102323.37894931692,	 55
0.0,	 102861.0092748496,	 55
0.0,	 102207.15403821174,	 55
0.0,	 102531.06468543848,	 55
0.0,	 102656.7173449036,	 55
0.0,	 103217.80573136956,	 55
0.0,	 103005.90085305554,	 55
0.0,	 102984.47388266683,	 55
0.0,	 103452.31310097441,	 55
0.0,	 103355.26440289983,	 55
0.0,	 102948.93961627035,	 55
0.0,	 104465.19340553103,	 55
0.0,	 104708.29040525432,	 55
0.0,	 104769.6810696074,	 55
0.0,	 104591.61567956679,	 55
0.0,	 104698.24880895662,	 55
0.0,	 104274.99230975138,	 55
0.0,	 103901.00773722208,	 55
0.0,	 103198.80348868066,	 55
0.0,	 102874.34772903306,	 55
0.0,	 103614.11885413353,	 55
0.0,	 104074.4440426704,	 55
0.0,	 103799.78833911488,	 55
0.0,	 103787.55272304326,	 55
0.0,	 104335.4493773397,	 55
0.0,	 103744.38660948943,	 55
0.0,	 104055.78512334633,	 55
0.0,	 103578.34185509525,	 55
0.0,	 103303.83146403758,	 55
0.0,	 103590.3359762076,	 55
0.0,	 104134.44964647037,	 55
0.0,	 105243.24408416607,	 55
0.0,	 105598.7026298754,	 55
0.0,	 105551.95145401434,	 55
0.0,	 104177.81690177822,	 55
0.0,	 103160.4708401667,	 55
0.0,	 103014.37039954282,	 55
0.0,	 104148.81585162792,	 55
0.0,	 102476.78890858288,	 55
0.0,	 101479.6035109663,	 55
0.0,	 102047.36542917651,	 55
0.0,	 102010.12580947926,	 55
0.0,	 103932.03248906121,	 55
0.0,	 104245.38766397149,	 55
0.0,	 104327.38559058086,	 55
0.0,	 105056.39236923336,	 55
0.0,	 104802.01067826927,	 55
0.0,	 104766.03141156105,	 55
0.0,	 104034.67270822758,	 55
0.0,	 104114.54994261418,	 55
0.0,	 104600.78773151906,	 55
0.0,	 105048.66993957275,	 55
0.0,	 105260.14444064126,	 55
0.0,	 105147.58798154454,	 55
0.0,	 104539.46001998748,	 55
0.0,	 104412.13701509526,	 55
0.0,	 104704.55787408132,	 55
0.0,	 104765.42510912697,	 55
0.0,	 104845.9336762743,	 55
0.0,	 105563.84679549631,	 55
0.0,	 105999.87022405992,	 55
0.0,	 105432.89458588531,	 55
0.0,	 104505.15813422478,	 55
0.0,	 104783.65800565692,	 55
0.0,	 104949.91695153601,	 55
0.0,	 104590.63976341338,	 55
0.0,	 105210.152819225,	 55
0.0,	 105675.98725362541,	 55
0.0,	 106000.97973399462,	 55
0.0,	 106635.23823442338,	 55
0.0,	 106620.05899172321,	 55
0.0,	 107080.4292988547,	 55
0.0,	 107238.99613684157,	 55
0.0,	 107154.09463557287,	 55
0.0,	 107305.05082472172,	 55
0.0,	 107283.14362235901,	 55
0.0,	 108388.17531522417,	 55
0.0,	 108621.37050519617,	 55
0.0,	 108825.24027087145,	 55
0.0,	 108959.0036321351,	 55
0.0,	 108464.3162150725,	 55
0.0,	 107744.40705742018,	 55
0.0,	 107851.73007189092,	 55
0.0,	 107973.48754808432,	 55
0.0,	 108194.3489424498,	 55
0.0,	 108651.91327531749,	 55
0.0,	 109353.07877453534,	 55
0.0,	 109523.24917554528,	 55
0.0,	 109498.23910562125,	 55
0.0,	 108928.42951529956,	 55
0.0,	 109114.91509063264,	 55
0.0,	 108716.1710664685,	 55
0.0,	 109289.82922536056,	 55
0.0,	 109408.08602521176,	 55
0.0,	 109737.43355223407,	 55
0.0,	 110229.0513995788,	 55
0.0,	 110781.55155397371,	 55
0.0,	 110393.80444037406,	 55
0.0,	 109623.54896543847,	 55
0.0,	 110092.58528059891,	 55
0.0,	 109347.67573235666,	 55
0.0,	 109779.03555465002,	 55
0.0,	 110257.4170321165,	 55
0.0,	 109806.39741864557,	 55
0.0,	 110490.43452062535,	 55
0.0,	 109285.13300618432,	 55
0.0,	 110452.68694114537,	 55
0.0,	 109958.02819246001,	 55
0.0,	 110507.31691049028,	 55
0.0,	 110784.92221768685,	 55
0.0,	 111015.05068887335,	 55
0.0,	 110467.43065012504,	 55
0.0,	 110398.88085197259,	 55
0.0,	 110034.78591509526,	 55
0.0,	 109664.78289016386,	 55
0.0,	 107874.39103009527,	 55
0.0,	 107234.35414590647,	 55
0.0,	 108269.64262306553,	 55
0.0,	 107164.89389678357,	 55
0.0,	 106914.71347120102,	 55
0.0,	 106486.90692445965,	 55
0.0,	 107774.4774349706,	 55
0.0,	 108142.50019916451,	 55
0.0,	 107820.2603412204,	 55
0.0,	 108715.6937341679,	 55
0.0,	 108796.18097518837,	 55
0.0,	 109173.05644292303,	 55
0.0,	 110119.20677320338,	 55
0.0,	 110192.24426622652,	 55
0.0,	 110612.02760535035,	 55
0.0,	 111034.02434632395,	 55
0.0,	 110957.36214444533,	 55
0.0,	 111430.95404945622,	 55
0.0,	 111634.00774236459,	 55
0.0,	 111685.95569495589,	 55
0.0,	 111242.95184235845,	 55
0.0,	 111791.38328730116,	 55
0.0,	 111811.76245254296,	 55
0.0,	 111634.76615040375,	 55
0.0,	 111519.69639059399,	 55
0.0,	 112096.76356136234,	 55
0.0,	 111605.05341385558,	 55
0.0,	 110983.3885676284,	 55
0.0,	 111042.02223484917,	 55
0.0,	 111532.71516503967,	 55
0.0,	 110824.8060809279,	 55
0.0,	 110813.95102870464,	 55
0.0,	 110548.20917505489,	 55
0.0,	 111617.11346120838,	 55
0.0,	 112168.2810623365,	 55
0.0,	 112146.89912566745,	 55
0.0,	 111271.29793568219,	 55
0.0,	 110739.88971009526,	 55
0.0,	 110657.52178776335,	 55
0.0,	 109816.98806009525,	 55
0.0,	 109921.25710203429,	 55
0.0,	 109993.62488308457,	 55
0.0,	 110147.47644099935,	 55
0.0,	 108538.97173278648,	 55
0.0,	 108401.99539884125,	 55
0.0,	 108996.22971116398,	 55
0.0,	 109433.42222892721,	 55
0.0,	 108105.91438700381,	 55
0.0,	 109902.59351586291,	 55
0.0,	 107732.54982592548,	 55
0.0,	 106522.91287061822,	 55
0.0,	 104779.85658336774,	 55
0.0,	 104766.84985062835,	 55
0.0,	 103648.41043860967,	 55
0.0,	 102635.99330543187,	 55
0.0,	 105146.36705376579,	 55
0.0,	 105577.70592042402,	 55
0.0,	 107639.87609903177,	 55
0.0,	 107675.00524345013,	 55
0.0,	 108868.32785695804,	 55
0.0,	 108760.4215944256,	 55
0.0,	 109477.6590500143,	 55
0.0,	 110306.72682352187,	 55
0.0,	 110042.9419919151,	 55
0.0,	 111182.87433892502,	 55
0.0,	 112564.19881468345,	 55
0.0,	 112521.47886845622,	 55
0.0,	 112051.49151945677,	 55
0.0,	 112902.02089832179,	 55
0.0,	 112706.79572202427,	 55
0.0,	 113252.96862429802,	 55
0.0,	 113598.04912308879,	 55
0.0,	 113743.66948361765,	 55
0.0,	 113570.81038107522,	 55
0.0,	 113479.03334167572,	 55
0.0,	 113762.48048931,	 55
0.0,	 113764.56927006406,	 55
0.0,	 114518.29052924462,	 55
0.0,	 114095.27814683293,	 55
0.0,	 114482.70032746722,	 55
0.0,	 115074.16688088175,	 55
0.0,	 115504.9524699154,	 55
0.0,	 115306.81923963092,	 55
0.0,	 115535.38864785474,	 55
0.0,	 115284.33998945261,	 55
0.0,	 114583.09399024797,	 55
0.0,	 115098.95417361274,	 55
0.0,	 115421.07695083994,	 55
0.0,	 115550.7868135234,	 55
0.0,	 115771.05639154311,	 55
0.0,	 114815.90946818306,	 55
0.0,	 114603.74921840585,	 55
0.0,	 113056.35675216203,	 55
0.0,	 113386.6637658863,	 55
0.0,	 111815.68619009525,	 55
0.0,	 110910.72944577533,	 55
0.0,	 110185.32152185541,	 55
0.0,	 111903.09467994315,	 55
0.0,	 113367.87321371828,	 55
0.0,	 115061.36346407919,	 55
0.0,	 115687.23718518147,	 55
0.0,	 116204.61107918962,	 55
0.0,	 116190.10401573169,	 55
0.0,	 116420.14118017897,	 55
0.0,	 116408.55192324427,	 55
0.0,	 116063.70286227032,	 55
0.0,	 114875.68570369623,	 55
0.0,	 114803.22308259651,	 55
0.0,	 112813.74544344166,	 55
0.0,	 111800.51219648766,	 55
0.0,	 112940.35757978562,	 55
0.0,	 114192.28128034019,	 55
0.0,	 114107.02020381231,	 55
0.0,	 113222.87007758551,	 55
0.0,	 112511.62469904464,	 55
0.0,	 112151.33357183964,	 55
0.0,	 111282.06655966834,	 55
0.0,	 111396.20678895396,	 55
0.0,	 112626.4730810764,	 55
0.0,	 113144.306601282,	 55
0.0,	 115103.94023789486,	 55
0.0,	 114489.71556508318,	 55
0.0,	 114221.71352030199,	 55
0.0,	 112938.90417803601,	 55
0.0,	 111792.76061283614,	 55
0.0,	 112515.00672894172,	 55
0.0,	 111359.73574548279,	 55
0.0,	 111070.4451446434,	 55
0.0,	 113608.2194693685,	 55
0.0,	 113735.97021512357,	 55
0.0,	 114200.124430691,	 55
0.0,	 114447.92086241744,	 55
0.0,	 114148.77759165989,	 55
0.0,	 115194.89100952634,	 55
0.0,	 115129.47635366156,	 55
0.0,	 115592.76256177302,	 55
0.0,	 116635.39940687567,	 55
0.0,	 116712.69108878648,	 55
0.0,	 117007.55128111149,	 55
0.0,	 116692.19701187768,	 55
0.0,	 116455.98617630267,	 55
0.0,	 117532.35460271509,	 55
0.0,	 117968.14128552735,	 55
0.0,	 117812.13614649119,	 55
0.0,	 117689.80475813063,	 55
0.0,	 117400.11922721463,	 55
0.0,	 117788.10469438726,	 55
0.0,	 117317.20846571185,	 55
0.0,	 116957.14874484754,	 55
0.0,	 117202.42742491601,	 55
0.0,	 115494.67374358293,	 55
0.0,	 115916.32554267654,	 55
0.0,	 114116.34048009526,	 55
0.0,	 113885.57687225053,	 55
0.0,	 115112.61963246971,	 55
0.0,	 114143.1985919749,	 55
0.0,	 116033.69320366392,	 55
0.0,	 115555.4625870363,	 55
0.0,	 115765.08427701422,	 55
0.0,	 116545.52787983498,	 55
0.0,	 117125.08259865842,	 55
0.0,	 117430.63432009527,	 55
0.0,	 116720.03861009526,	 55
0.0,	 115045.29130509526,	 55
0.0,	 114229.45966412422,	 55
0.0,	 115012.36092832487,	 55
0.0,	 115805.27030059494,	 55
0.0,	 115390.14952758461,	 55
0.0,	 114547.94358527103,	 55
0.0,	 115265.24333823718,	 55
0.0,	 115841.73851725909,	 55
0.0,	 115878.60862717936,	 55
0.0,	 116069.11551860975,	 55
0.0,	 115831.25725726357,	 55
0.0,	 116768.7012081911,	 55
0.0,	 116767.04371133984,	 55
0.0,	 116828.30801161483,	 55
0.0,	 117149.26989957689,	 55
0.0,	 117439.63719551837,	 55
0.0,	 115794.35652212001,	 55
0.0,	 116329.48688783418,	 55
0.0,	 116992.2011837261,	 55
0.0,	 117586.53022923094,	 55
0.0,	 117435.855798889,	 55
0.0,	 117978.4721945217,	 55
0.0,	 117645.72341190078,	 55
0.0,	 117440.98166971456,	 55
0.0,	 117070.39084657595,	 55
0.0,	 116345.59174287027,	 55
0.0,	 117183.19818094709,	 55
0.0,	 117979.60157950078,	 55
0.0,	 116584.0223816859,	 55
0.0,	 115994.15391855084,	 55
0.0,	 116455.47405153447,	 55
0.0,	 117394.51552889223,	 55
0.0,	 117442.50318494969,	 55
0.0,	 116395.44659958422,	 55
0.0,	 117035.54912242544,	 55
0.0,	 117677.92323783084,	 55
0.0,	 118315.18623207907,	 55
0.0,	 118555.81965490166,	 55
0.0,	 118548.87433159594,	 55
0.0,	 118460.31170136466,	 55
0.0,	 118456.84628154903,	 55
0.0,	 118620.84185509525,	 55
0.0,	 117305.60988689015,	 55
0.0,	 118191.6287402881,	 55
0.0,	 118254.75902304797,	 55
0.0,	 117463.46679221316,	 55
0.0,	 117746.14822575694,	 55
0.0,	 117528.51822584041,	 55
0.0,	 117862.7804010922,	 55
0.0,	 116859.23742621904,	 55
0.0,	 116548.57216745996,	 55
0.0,	 116043.26794956328,	 55
0.0,	 115695.93060398946,	 55
0.0,	 117050.60913074257,	 55
0.0,	 117562.1984505504,	 55
0.0,	 116823.42140275774,	 55
0.0,	 116281.98322036589,	 55
0.0,	 116604.94407012829,	 55
0.0,	 116837.37709997142,	 55
0.0,	 118005.80296955284,	 55
0.0,	 117721.7098958097,	 55
0.0,	 117980.8594953371,	 55
0.0,	 118468.32531251908,	 55
0.0,	 117659.44290009525,	 55
0.0,	 117312.32950750725,	 55
0.0,	 117056.54988093287,	 55
0.0,	 114827.50115671777,	 55
0.0,	 115027.65627902218,	 55
0.0,	 115763.70822788723,	 55
0.0,	 115812.2317967573,	 55
0.0,	 115175.1452198522,	 55
0.0,	 115981.05072313081,	 55
0.0,	 114228.2211888999,	 55
0.0,	 114466.58754608175,	 55
0.0,	 115478.08057751883,	 55
0.0,	 116401.91351789022,	 55
0.0,	 117509.86281747023,	 55
0.0,	 117347.9192086553,	 55
0.0,	 117772.30046645553,	 55
0.0,	 118366.56088071669,	 55
0.0,	 118698.74555728726,	 55
0.0,	 118037.42165317455,	 55
0.0,	 117919.1438985824,	 55
0.0,	 117162.98474583303,	 55
0.0,	 116039.03256039799,	 55
0.0,	 115237.39239547444,	 55
0.0,	 116795.69399093781,	 55
0.0,	 117634.56878671594,	 55
0.0,	 117081.00278865224,	 55
0.0,	 117366.12401065709,	 55
0.0,	 116733.5043683559,	 55
0.0,	 116696.75974018971,	 55
0.0,	 116972.5870489955,	 55
0.0,	 115982.00283708895,	 55
0.0,	 115937.53401487238,	 55
0.0,	 116312.59585762996,	 55
0.0,	 115962.5954289857,	 55
0.0,	 116258.64826011524,	 55
0.0,	 116143.57245087244,	 55
0.0,	 116617.84711915281,	 55
0.0,	 116153.16677609785,	 55
0.0,	 116952.71782702421,	 55
0.0,	 116046.37327523534,	 55
0.0,	 113652.68751009526,	 55
0.0,	 110086.48943509525,	 55
0.0,	 104885.623112735,	 55
0.0,	 104385.01850070606,	 55
0.0,	 106753.06412243578,	 55
0.0,	 110646.28429082065,	 55
0.0,	 110399.5437487316,	 55
0.0,	 109854.90213796173,	 55
0.0,	 106400.45665972745,	 55
0.0,	 108310.97297318759,	 55
0.0,	 108900.47202253094,	 55
0.0,	 106844.40596676587,	 55
0.0,	 108399.30436260707,	 55
0.0,	 108471.30330082518,	 55
0.0,	 108390.10276651803,	 55
0.0,	 108759.98639395287,	 55
0.0,	 108865.67631723576,	 55
0.0,	 109886.06308356811,	 55
0.0,	 110899.05069279527,	 55
0.0,	 111062.3725580304,	 55
0.0,	 109263.60412772704,	 55
0.0,	 109561.11630615046,	 55
0.0,	 108040.55101131371,	 55
0.0,	 108194.95930025233,	 55
0.0,	 107852.69347176343,	 55
0.0,	 107668.10504906584,	 55
0.0,	 105183.33686173355,	 55
0.0,	 105091.45827444414,	 55
0.0,	 106120.13603651077,	 55
0.0,	 107328.23563369425,	 55
0.0,	 107706.35893331378,	 55
0.0,	 110723.72488156913,	 55
0.0,	 110159.22911425012,	 55
0.0,	 111376.55407618967,	 55
0.0,	 112355.34880832752,	 55
0.0,	 112218.09416951271,	 55
0.0,	 112413.39390240841,	 55
0.0,	 111832.91706878488,	 55
0.0,	 111345.88686335158,	 55
0.0,	 112748.19385961349,	 55
0.0,	 113456.53704555209,	 55
0.0,	 113351.80346755832,	 55
0.0,	 113200.90891789728,	 55
0.0,	 112718.45243334417,	 55
0.0,	 113449.58703655902,	 55
0.0,	 115739.568788532,	 55
0.0,	 115456.51352643655,	 55
0.0,	 115192.58960706006,	 55
0.0,	 116284.7153511131,	 55
0.0,	 116527.22042720602,	 55
0.0,	 116051.36771798674,	 55
0.0,	 116246.66915765578,	 55
0.0,	 117544.79304511053,	 55
0.0,	 117053.02832925583,	 55
0.0,	 117035.43714710545,	 55
0.0,	 116841.6843687135,	 55
0.0,	 115656.76030697061,	 55
0.0,	 115729.03203205607,	 55
0.0,	 115811.39570948055,	 55
0.0,	 114199.5325279162,	 55
0.0,	 112902.30240478751,	 55
0.0,	 113961.48872975296,	 55
0.0,	 114343.52528257869,	 55
0.0,	 115716.56366959533,	 55
0.0,	 116111.29038802476,	 55
0.0,	 116490.79567313574,	 55
0.0,	 116229.3186980295,	 55
0.0,	 115982.21173445282,	 55
0.0,	 116571.54053655938,	 55
0.0,	 116535.40989927342,	 55
0.0,	 116110.08377009527,	 55
0.0,	 116606.95105462424,	 55
0.0,	 116025.23523010986,	 55
0.0,	 114345.36290574449,	 55
0.0,	 116037.78151393418,	 55
0.0,	 115688.55847241315,	 55
0.0,	 114758.78940119248,	 55
0.0,	 114191.31696396663,	 55
0.0,	 114486.00487066509,	 55
0.0,	 112209.44456699623,	 55
0.0,	 112592.10955469208,	 55
0.0,	 113281.76890885916,	 55
0.0,	 115546.48878009287,	 55
0.0,	 113988.27344758243,	 55
0.0,	 111992.30228241194,	 55
0.0,	 112197.76275601133,	 55
0.0,	 113005.53509887338,	 55
0.0,	 114456.80117787201,	 55
0.0,	 114926.97339319083,	 55
0.0,	 114605.16775629298,	 55
0.0,	 115188.87404168918,	 55
0.0,	 115102.17958170571,	 55
0.0,	 114093.30915937432,	 55
0.0,	 111574.17819083338,	 55
0.0,	 112589.50861149972,	 55
0.0,	 110646.2173092158,	 55
0.0,	 108438.82704412096,	 55
0.0,	 107252.64769828513,	 55
0.0,	 106411.18517412161,	 55
0.0,	 108003.64359649233,	 55
0.0,	 105472.28607926573,	 55
0.0,	 106989.21781719674,	 55
0.0,	 104040.79996832236,	 55
0.0,	 104673.20748342699,	 55
0.0,	 101712.27557744399,	 55
0.0,	 103639.11940718668,	 55
0.0,	 106255.11764961296,	 55
0.0,	 104897.54113338652,	 55
0.0,	 105931.58332709051,	 55
0.0,	 105057.29031564333,	 55
0.0,	 105669.27203429017,	 55
0.0,	 107841.2950347779,	 55
0.0,	 108197.28842439875,	 55
0.0,	 106050.03148382531,	 55
0.0,	 105864.29537702704,	 55
0.0,	 106972.42335093934,	 55
0.0,	 104836.18098250801,	 55
0.0,	 102772.9081731512,	 55
0.0,	 102666.68538812576,	 55
0.0,	 103494.37315475472,	 55
0.0,	 102080.82268664289,	 55
0.0,	 104241.36058285781,	 55
0.0,	 104856.87905856056,	 55
0.0,	 106410.77933159347,	 55
0.0,	 107047.94061219748,	 55
0.0,	 106749.14279138738,	 55
0.0,	 108661.2870457077,	 55
0.0,	 107266.71003487936,	 55
0.0,	 106385.6039380624,	 55
0.0,	 108192.04694058388,	 55
0.0,	 108782.07881555,	 55
0.0,	 107943.66727120553,	 55
0.0,	 109239.72345288076,	 55
0.0,	 110538.98204143939,	 55
0.0,	 110473.94528246183,	 55
0.0,	 111566.98770488736,	 55
0.0,	 111644.59539396067,	 55
0.0,	 110459.23911314674,	 55
0.0,	 110601.79183507878,	 55
0.0,	 110948.8451603533,	 55
0.0,	 112756.05762493581,	 55
0.0,	 112447.53539983874,	 55
0.0,	 112214.0314237672,	 55
0.0,	 112936.56855899178,	 55
0.0,	 113325.90082951041,	 55
0.0,	 114061.73163616666,	 55
0.0,	 114186.6914101962,	 55
0.0,	 114030.00583303337,	 55
0.0,	 113608.47177028192,	 55
0.0,	 113244.1499073746,	 55
0.0,	 113561.89601523755,	 55
0.0,	 113406.74734447755,	 55
0.0,	 114929.28250057247,	 55
0.0,	 114969.77514079264,	 55
0.0,	 115640.21272371322,	 55
0.0,	 115315.64783185236,	 55
0.0,	 114077.67241703325,	 55
0.0,	 114995.00335116916,	 55
0.0,	 113670.42463801199,	 55
0.0,	 114267.57919704914,	 55
0.0,	 113992.62639477928,	 55
0.0,	 114282.45678123365,	 55
0.0,	 115412.2696653546,	 55
0.0,	 116081.51536330898,	 55
0.0,	 116122.78207908361,	 55
0.0,	 116660.55372770735,	 55
0.0,	 116887.53732995265,	 55
0.0,	 117089.16304965847,	 55
0.0,	 116566.28256300381,	 55
0.0,	 116557.7593221601,	 55
0.0,	 116340.17016089677,	 55
0.0,	 116466.6863136828,	 55
0.0,	 116705.47156669945,	 55
0.0,	 115683.56288926229,	 55
0.0,	 115057.52637756098,	 55
0.0,	 115448.13690863081,	 55
0.0,	 115000.21810251182,	 55
0.0,	 114457.44621344119,	 55
0.0,	 114278.77314940818,	 55
0.0,	 114303.10135114682,	 55
0.0,	 114676.07278264414,	 55
0.0,	 116276.75118901215,	 55
0.0,	 115232.83646509526,	 55
0.0,	 115082.86472801738,	 55
0.0,	 114225.8698631682,	 55
0.0,	 114881.77254153423,	 55
0.0,	 114179.4335484367,	 55
0.0,	 113645.0069387043,	 55
0.0,	 113634.59424573008,	 55
0.0,	 114183.93517427557,	 55
0.0,	 114305.87333240069,	 55
0.0,	 115130.59451193831,	 55
0.0,	 116163.20627694268,	 55
0.0,	 116585.6592374223,	 55
0.0,	 117035.01131565905,	 55
0.0,	 116607.36431744092,	 55
0.0,	 116630.35084038573,	 55
0.0,	 116821.33156786674,	 55
0.0,	 117007.52252237918,	 55
0.0,	 117674.3626874127,	 55
0.0,	 117833.29006009249,	 55
0.0,	 118002.3908343184,	 55
0.0,	 118015.37851394161,	 55
0.0,	 116888.08745010589,	 55
0.0,	 116028.2763525809,	 55
0.0,	 115589.858612109,	 55
0.0,	 115542.12500683268,	 55
0.0,	 115486.41390679214,	 55
0.0,	 115534.14809851741,	 55
0.0,	 116009.42901662104,	 55
0.0,	 116377.75488886719,	 55
0.0,	 116337.89684236239,	 55
0.0,	 117222.38011265344,	 55
0.0,	 113624.2391198904,	 55
0.0,	 111283.48873940071,	 55
0.0,	 112442.99643662323,	 55
0.0,	 114915.02419651336,	 55
0.0,	 115583.41300594895,	 55
0.0,	 117288.96144159601,	 55
0.0,	 116209.5472029258,	 55
0.0,	 115965.78663685036,	 55
0.0,	 116654.27961769253,	 55
0.0,	 118027.278384435,	 55
0.0,	 119091.42443104443,	 55
0.0,	 119959.00457911863,	 55
0.0,	 119948.88589196699,	 55
0.0,	 120631.22941371505,	 55
0.0,	 120530.11091508302,	 55
0.0,	 120794.1651784865,	 55
0.0,	 120443.7833764592,	 55
0.0,	 121027.47151968825,	 55
0.0,	 120592.05543072106,	 55
0.0,	 121250.86925217565,	 55
0.0,	 120758.08341010984,	 55
0.0,	 120674.43038871128,	 55
0.0,	 120471.75150875997,	 55
0.0,	 120658.23601429231,	 55
0.0,	 120890.97257773239,	 55
0.0,	 121030.81182076047,	 55
0.0,	 120268.04726947508,	 55
0.0,	 120553.31526952628,	 55
0.0,	 120490.90381988428,	 55
0.0,	 121706.35523822662,	 55
0.0,	 121485.64957934,	 55
0.0,	 121548.93625337354,	 55
0.0,	 121320.7321927837,	 55
0.0,	 121580.32129110607,	 55
0.0,	 121734.71662504197,	 55
0.0,	 122016.69864018216,	 55
0.0,	 121485.40768763589,	 55
0.0,	 120976.72593935324,	 55
0.0,	 121687.87353563613,	 55
0.0,	 121631.69635116488,	 55
0.0,	 121567.06442912578,	 55
0.0,	 121963.26757728217,	 55
0.0,	 121113.55998793103,	 55
0.0,	 121144.4264577965,	 55
0.0,	 120786.88191799403,	 55
0.0,	 121386.8778378785,	 55
0.0,	 121102.96812195967,	 55
0.0,	 120719.75143048943,	 55
0.0,	 120488.83812282825,	 55
0.0,	 121509.69766824391,	 55
0.0,	 121633.67308140098,	 55
0.0,	 121839.67439646045,	 55
0.0,	 121490.4054327025,	 55
0.0,	 118717.09185509525,	 55
0.0,	 118822.7016484318,	 55
0.0,	 118432.616555703,	 55
0.0,	 118533.53116814657,	 55
0.0,	 118476.73004223683,	 55
0.0,	 119035.9398873339,	 55
0.0,	 119168.63374091269,	 55
0.0,	 119342.57222989772,	 55
0.0,	 119773.94431488201,	 55
0.0,	 121414.50791006417,	 55
0.0,	 120718.79357816599,	 55
0.0,	 119678.15040855375,	 55
0.0,	 119542.21590363985,	 55
0.0,	 121028.28939404893,	 55
0.0,	 119793.25936753297,	 55
0.0,	 120829.12542377801,	 55
0.0,	 120331.92481642861,	 55
0.0,	 119848.22609195055,	 55
0.0,	 120292.4785290943,	 55
0.0,	 120392.87923259364,	 55
0.0,	 120067.03156869006,	 55
0.0,	 120553.26283487822,	 55
0.0,	 118859.46484758423,	 55
0.0,	 119167.93190670763,	 55
0.0,	 118187.98845461874,	 55
0.0,	 119001.43751009526,	 55
0.0,	 118582.81772558777,	 55
0.0,	 119237.02541481613,	 55
0.0,	 119441.34644325348,	 55
0.0,	 119126.78307888695,	 55
0.0,	 119295.81103222954,	 55
0.0,	 119976.47030099273,	 55
0.0,	 119527.2230608132,	 55
0.0,	 119141.2099079287,	 55
0.0,	 118989.92759633374,	 55
0.0,	 118368.34796192717,	 55
0.0,	 118622.87130652265,	 55
0.0,	 117283.11413236537,	 55
0.0,	 116982.06479124572,	 55
0.0,	 116464.51276190835,	 55
0.0,	 116320.01770785134,	 55
0.0,	 117887.4641014102,	 55
0.0,	 118977.6869073262,	 55
0.0,	 120161.74624003773,	 55
0.0,	 120004.92484831206,	 55
0.0,	 120699.38127294563,	 55
0.0,	 120615.11253343962,	 55
0.0,	 121267.61271896616,	 55
0.0,	 121282.67609071436,	 55
0.0,	 121763.47836219208,	 55
0.0,	 121679.55532185733,	 55
0.0,	 122162.57386380924,	 55
0.0,	 122638.65797568797,	 55
0.0,	 122579.16732844779,	 55
0.0,	 123033.8647364774,	 55
0.0,	 122739.78962132534,	 55
0.0,	 122680.74409831395,	 55
0.0,	 122622.09185509525,	 55
0.0,	 122043.92207836795,	 55
0.0,	 122067.93637276282,	 55
0.0,	 122833.93225001606,	 55
0.0,	 122939.35398585968,	 55
0.0,	 124638.7556292752,	 55
0.0,	 125039.8249040409,	 55
0.0,	 125798.08778384661,	 55
0.0,	 125683.8757724765,	 55
0.0,	 126395.07201058955,	 55
0.0,	 125368.44614855766,	 55
0.0,	 125655.66580907092,	 55
0.0,	 125763.95612265504,	 55
0.0,	 125978.33030280659,	 55
0.0,	 126420.69851967406,	 55
0.0,	 126271.92770827161,	 55
0.0,	 125862.70035283749,	 55
0.0,	 126168.81617400901,	 55
0.0,	 126373.28310750099,	 55
0.0,	 125404.87499435246,	 55
0.0,	 125358.73325435063,	 55
0.0,	 124694.6351708418,	 55
0.0,	 125490.96084700059,	 55
0.0,	 126285.88996492747,	 55
0.0,	 126478.31920567535,	 55
0.0,	 126459.63116759353,	 55
0.0,	 126477.03322009527,	 55
0.0,	 126452.33886107821,	 55
0.0,	 126724.00033296549,	 55
0.0,	 125965.65261692485,	 55
0.0,	 126776.13220947915,	 55
0.0,	 126319.62480019558,	 55
0.0,	 126459.6937940398,	 55
0.0,	 126185.10171960178,	 55
0.0,	 126514.21769828955,	 55
0.0,	 126017.28051839619,	 55
0.0,	 126896.10233145957,	 55
0.0,	 128073.47836770592,	 55
0.0,	 128000.38280975311,	 55
0.0,	 127869.33425939125,	 55
0.0,	 126783.22706749836,	 55
0.0,	 126716.21061270872,	 55
0.0,	 126833.44710845803,	 55
0.0,	 126735.29464565728,	 55
0.0,	 127626.19576296747,	 55
0.0,	 127709.46611124414,	 55
0.0,	 127761.26585998358,	 55
0.0,	 127853.16054285836,	 55
0.0,	 128380.35272018275,	 55
0.0,	 128980.0403467784,	 55
0.0,	 129546.24388129773,	 55
0.0,	 129421.24376566241,	 55
0.0,	 130732.27631882217,	 55
0.0,	 130562.16376579615,	 55
0.0,	 130652.0387096684,	 55
0.0,	 131472.7062461203,	 55
0.0,	 131567.58493592337,	 55
0.0,	 131578.00516562612,	 55
0.0,	 131566.1992974682,	 55
0.0,	 131876.4385009593,	 55
0.0,	 131606.00338872106,	 55
0.0,	 133147.14676376907,	 55
0.0,	 132652.12351138899,	 55
0.0,	 132428.18542409653,	 55
0.0,	 132083.38293220452,	 55
0.0,	 131842.0966567413,	 55
0.0,	 131547.43984840412,	 55
0.0,	 131499.57366685802,	 55
0.0,	 131786.0809001537,	 55
0.0,	 132190.09042524637,	 55
0.0,	 131684.56656361755,	 55
0.0,	 132537.83399298246,	 55
0.0,	 132456.09226840196,	 55
0.0,	 132463.69378806977,	 55
0.0,	 132053.95988952141,	 55
0.0,	 130541.32214015651,	 55
0.0,	 130262.14087041195,	 55
0.0,	 130715.21596982167,	 55
0.0,	 130507.12023813381,	 55
0.0,	 130399.83873032345,	 55
0.0,	 130454.32781900208,	 55
0.0,	 131292.49380808146,	 55
0.0,	 131750.58561777518,	 55
0.0,	 131634.5549220084,	 55
0.0,	 131079.56701099395,	 55
0.0,	 131471.6581567118,	 55
0.0,	 131012.87908873733,	 55
0.0,	 131271.51840206285,	 55
0.0,	 131107.98966879482,	 55
0.0,	 131312.02162286438,	 55
0.0,	 130871.43388817245,	 55
0.0,	 130575.81129209358,	 55
0.0,	 129779.78591509526,	 55
0.0,	 130475.97225777259,	 55
0.0,	 130172.5049171197,	 55
0.0,	 130255.46386568013,	 55
0.0,	 130889.6164660744,	 55
0.0,	 130712.25954190461,	 55
0.0,	 132220.20226880786,	 55
0.0,	 132962.67341498024,	 55
0.0,	 132974.4595174839,	 55
0.0,	 132756.78387689317,	 55
0.0,	 132797.89035517882,	 55
0.0,	 132989.8282996182,	 55
0.0,	 132957.37178528082,	 55
0.0,	 132949.84923108548,	 55
0.0,	 132873.54630413823,	 55
0.0,	 133437.33237738622,	 55
0.0,	 133539.35759538205,	 55
0.0,	 133277.2980641568,	 55
0.0,	 133368.88294696712,	 55
0.0,	 133314.00239374064,	 55
0.0,	 133105.50477150292,	 55
0.0,	 133372.28149233974,	 55
0.0,	 133647.39565612318,	 55
0.0,	 131309.11749243585,	 55
0.0,	 131351.59463653647,	 55
0.0,	 132658.07447842916,	 55
0.0,	 133020.84619964717,	 55
0.0,	 133393.56972958532,	 55
0.0,	 133610.7796824014,	 55
0.0,	 134272.7343933661,	 55
0.0,	 134536.28533924863,	 55
0.0,	 134261.5398360841,	 55
0.0,	 133907.65937485587,	 55
0.0,	 135315.33692674447,	 55
0.0,	 135593.02802031994,	 55
0.0,	 135654.94245599743,	 55
0.0,	 135292.7894012212,	 55
0.0,	 135412.52515706248,	 55
0.0,	 135225.78453907705,	 55
0.0,	 135344.07515108807,	 55
0.0,	 135136.75637010508,	 55
0.0,	 135578.48446072344,	 55
0.0,	 135293.43100118474,	 55
0.0,	 135305.09685789346,	 55
0.0,	 135199.1258560505,	 55
0.0,	 136074.74784715188,	 55
0.0,	 135720.41072347472,	 55
0.0,	 135407.63786519924,	 55
0.0,	 135558.16803292517,	 55
0.0,	 135643.02997204056,	 55
0.0,	 135779.47261353597,	 55
0.0,	 134753.43217509522,	 55
0.0,	 135651.3468580262,	 55
0.0,	 134478.4146332472,	 55
0.0,	 134907.51521155084,	 55
0.0,	 135278.58593737727,	 55
0.0,	 135041.90553123524,	 55
0.0,	 134190.37017988804,	 55
0.0,	 134707.6366043753,	 55
0.0,	 135024.79955311312,	 55
0.0,	 134950.86753547512,	 55
0.0,	 135945.07249875672,	 55
0.0,	 136079.2906322282,	 55
0.0,	 136784.89071608655,	 55
0.0,	 136921.25911884048,	 55
0.0,	 136846.8691656241,	 55
0.0,	 137357.18106623535,	 55
0.0,	 137645.55983095142,	 55
0.0,	 137423.4537810019,	 55
0.0,	 137404.33991067117,	 55
0.0,	 137927.28841315,	 55
0.0,	 137958.66091708533,	 55
0.0,	 137468.26576392032,	 55
0.0,	 137317.60846113804,	 55
0.0,	 137463.50776240553,	 55
0.0,	 137722.76963936945,	 55
0.0,	 137555.1211250954,	 55
0.0,	 137634.74956423423,	 55
0.0,	 137883.9734049395,	 55
0.0,	 137933.46375707144,	 55
0.0,	 137697.30100399224,	 55
0.0,	 137479.03630951236,	 55
0.0,	 135776.94543922052,	 55
0.0,	 135778.58536328655,	 55
0.0,	 137175.89182810707,	 55
0.0,	 137192.3619965269,	 55
0.0,	 137305.80667148874,	 55
0.0,	 135338.08916009523,	 55
0.0,	 134850.26127012636,	 55
0.0,	 134871.6000178721,	 55
0.0,	 136077.51746188715,	 55
0.0,	 136018.7195010765,	 55
0.0,	 135779.43910479805,	 55
0.0,	 136030.4222068249,	 55
0.0,	 135985.2832735019,	 55
0.0,	 135599.98298135243,	 55
0.0,	 136462.53874154287,	 55
0.0,	 137197.80663147385,	 55
0.0,	 137875.3364738344,	 55
0.0,	 136664.42753407307,	 55
0.0,	 137112.7422221936,	 55
0.0,	 137137.03706310625,	 55
0.0,	 136964.95089636132,	 55
0.0,	 138371.77323825608,	 55
0.0,	 138828.44867509522,	 55
0.0,	 138977.93046891855,	 55
0.0,	 138737.2964022424,	 55
0.0,	 138957.61644243862,	 55
0.0,	 139281.0132502516,	 55
0.0,	 139452.19217430166,	 55
0.0,	 139310.01106294422,	 55
0.0,	 139154.1188125356,	 55
0.0,	 139079.7788548959,	 55
0.0,	 138973.37532643738,	 55
0.0,	 138946.37631099392,	 55
0.0,	 139066.6134075637,	 55
0.0,	 139559.8373986011,	 55
0.0,	 139881.4982741827,	 55
0.0,	 140689.5534716656,	 55
0.0,	 140883.45679658398,	 55
0.0,	 141129.91718644788,	 55
0.0,	 141455.5321486245,	 55
0.0,	 141795.5014135665,	 55
0.0,	 141579.24111615893,	 55
0.0,	 141761.36183731645,	 55
0.0,	 141880.09859736552,	 55
0.0,	 141984.12802541727,	 55
0.0,	 142099.44505843867,	 55
0.0,	 142266.7371980761,	 55
0.0,	 142297.73147200828,	 55
0.0,	 142489.37476087813,	 55
0.0,	 142397.8507731489,	 55
0.0,	 142911.20973650736,	 55
0.0,	 142735.70363702945,	 55
0.0,	 142865.38996347165,	 55
0.0,	 141973.1363008064,	 55
0.0,	 142478.20599312682,	 55
0.0,	 142903.02170006174,	 55
0.0,	 143153.4041353402,	 55
0.0,	 143198.4691980081,	 55
0.0,	 143316.56892195638,	 55
0.0,	 143459.38833805663,	 55
0.0,	 143984.35572622457,	 55
0.0,	 143899.06519506863,	 55
0.0,	 143970.62321182163,	 55
0.0,	 144214.48615084187,	 55
0.0,	 143606.17607684727,	 55
0.0,	 143453.8817529766,	 55
0.0,	 143360.23255983173,	 55
0.0,	 143466.82555841896,	 55
0.0,	 142654.6322768798,	 55
0.0,	 143862.32798391362,	 55
0.0,	 143491.39107927133,	 55
0.0,	 143516.03423614867,	 55
0.0,	 144334.1321703439,	 55
0.0,	 144492.1816858116,	 55
0.0,	 144786.0978685534,	 55
0.0,	 144720.01030384275,	 55
0.0,	 145117.0231782485,	 55
0.0,	 145913.56097873294,	 55
0.0,	 147248.09729250887,	 55
0.0,	 146421.76943315592,	 55
0.0,	 146838.27014171597,	 55
0.0,	 146279.65530931912,	 55
0.0,	 146123.1690434715,	 55
0.0,	 146521.27089064117,	 55
0.0,	 147437.90601321092,	 55
0.0,	 147686.49991943146,	 55
0.0,	 148088.76227493145,	 55
0.0,	 148144.29400009525,	 55
0.0,	 147548.08916009523,	 55
0.0,	 148115.66479497158,	 55
0.0,	 149550.32439922864,	 55
0.0,	 149159.21070078874,	 55
0.0,	 149028.3458040648,	 55
0.0,	 149312.85652006842,	 55
0.0,	 149129.88525198953,	 55
0.0,	 148999.33191547374,	 55
0.0,	 149174.8217157758,	 55
0.0,	 149345.96097851123,	 55
0.0,	 148736.09449509525,	 55
0.0,	 149761.32494629832,	 55
0.0,	 150494.6770962488,	 55
0.0,	 151383.50496307568,	 55
0.0,	 151800.83166047436,	 55
0.0,	 152751.20034547965,	 55
0.0,	 152874.43466883525,	 55
0.0,	 152811.8463546828,	 55
0.0,	 153141.23002943152,	 55
0.0,	 154052.79381776083,	 55
0.0,	 154377.5835920889,	 55
0.0,	 154636.44524356566,	 55
0.0,	 155362.67153637094,	 55
0.0,	 155822.74473016284,	 55
0.0,	 156218.5777102811,	 55
0.0,	 157566.99325549198,	 55
0.0,	 157566.07493042332,	 55
0.0,	 157462.82498512976,	 55
0.0,	 159147.90245948735,	 55
0.0,	 158532.61486730282,	 55
0.0,	 156886.74795308243,	 55
0.0,	 156903.17799871432,	 55
0.0,	 156510.9424346079,	 55
0.0,	 153549.62804200468,	 55
0.0,	 147307.41015511393,	 55
0.0,	 145963.5499123612,	 55
0.0,	 149170.44796528565,	 55
0.0,	 143627.96958558078,	 55
0.0,	 142790.73749007683,	 55
0.0,	 147200.7875099298,	 55
0.0,	 146849.02677853763,	 55
0.0,	 148471.79436293102,	 55
0.0,	 150575.26455520853,	 55
0.0,	 151673.1233198454,	 55
0.0,	 150935.6771445361,	 55
0.0,	 150260.6314675923,	 55
0.0,	 150133.3300903705,	 55
0.0,	 152205.80863620545,	 55
0.0,	 154314.09684012132,	 55
0.0,	 152620.35490551384,	 55
0.0,	 150937.58017807544,	 55
0.0,	 148534.82283489892,	 55
0.0,	 149048.0741323528,	 55
0.0,	 151048.68101198695,	 55
0.0,	 151424.60093538254,	 55
0.0,	 151246.2896375427,	 55
0.0,	 151791.07346592235,	 55
0.0,	 154413.4790678084,	 55
0.0,	 154560.65654944605,	 55
0.0,	 153596.23055173445,	 55
0.0,	 152640.25383676577,	 55
0.0,	 152785.75431208336,	 55
0.0,	 153029.43256014073,	 55
0.0,	 150430.50990922246,	 55
0.0,	 150880.64019034855,	 55
0.0,	 150837.8189750976,	 55
0.0,	 147043.40514857214,	 55
0.0,	 143958.00681661066,	 55
0.0,	 145762.5388174797,	 55
0.0,	 145164.07011051316,	 55
0.0,	 144914.1483236795,	 55
0.0,	 146635.71334708514,	 55
0.0,	 142369.83602075418,	 55
0.0,	 145414.19147608848,	 55
0.0,	 146035.0380131518,	 55
0.0,	 147580.79689302723,	 55
0.0,	 144209.16532325043,	 55
0.0,	 145346.0144021265,	 55
0.0,	 147768.89664737254,	 55
0.0,	 146910.08130179593,	 55
0.0,	 148205.16364610355,	 55
0.0,	 147714.4991587372,	 55
0.0,	 148783.0064196597,	 55
0.0,	 150338.75759767988,	 55
0.0,	 150487.39451271397,	 55
0.0,	 149745.30501270172,	 55
0.0,	 148514.60985646088,	 55
0.0,	 148426.63420175237,	 55
0.0,	 145833.5206726536,	 55
0.0,	 146183.81164818874,	 55
0.0,	 148230.54830045524,	 55
0.0,	 148047.281702856,	 55
0.0,	 147329.78951968762,	 55
0.0,	 147108.87321493818,	 55
0.0,	 147082.12109695506,	 55
