0.0016043542	
0.0072288816	
0.008356652	
0.006480967	
0.0014650885	
0.004411199	
0.00861052	
0.011219902	
0.0046755704	
0.0016759691	
0.005998725	
0.009627349	
0.0056316024	
0.0034234165	
0.011294637	
0.0068502016	
0.02944078	
0.008393961	
0.010207126	
0.005044961	
0.00073633326	
0.010518437	
0.0117698	
0.0024367892	
0.0050839707	
0.0059522646	
0.011655226	
0.0057626986	
0.00432689	
0.0055330796	
0.009231163	
0.006741727	
0.004223328	
0.008745305	
0.006896661	
0.008754185	
0.005834282	
0.0057027093	
0.0070763906	
0.0153200915	
-0.0001893863	
0.0035366043	
0.011635767	
0.008891593	
0.01101447	
-0.000104211256	
0.0049540363	
0.010971948	
0.0042200205	
0.007972763	
0.012383281	
0.00506904	
0.004561489	
0.004056588	
0.00999719	
0.012114863	
0.0046352777	
0.0010159384	
0.007977442	
0.008499573	
0.0074767643	
0.0028631382	
0.009164263	
0.0063419454	
0.0064070905	
0.0071799485	
0.009217007	
0.00957821	
0.0031599368	
0.00022739916	
0.012234531	
0.011176604	
0.0013004905	
-0.00031521168	
0.026391998	
0.0110676605	
0.0014050369	
0.0011498699	
0.013213526	
0.008851452	
-0.0004275664	
0.00452072	
0.012257505	
0.007978069	
-0.00037159765	
0.008708472	
0.011237364	
0.0067890496	
0.0008298529	
0.012367012	
0.010856685	
0.029851897	
0.0005260183	
0.025936987	
0.012444814	
0.030677708	
0.0016438722	
0.009148588	
0.009284504	
0.008495162	
0.0035411338	
0.006055943	
0.017385494	
0.0032933604	
-0.0029411453	
0.010292233	
0.01424953	
0.004122896	
-0.0010375003	
0.014634077	
0.013090018	
0.0021133465	
-0.0032085292	
0.012052435	
0.0152622	
0.007161174	
-0.0022373386	
0.00817785	
0.013005394	
0.008116819	
0.003905969	
0.003524117	
0.04231012	
0.005464507	
0.0066133738	
0.008422748	
0.006307435	
0.0031247702	
0.007332886	
0.010849176	
0.0062568635	
0.0021394829	
0.007909229	
0.0079747895	
0.006768816	
0.003529839	
0.004735352	
0.028023448	
0.0049621123	
0.0005294158	
0.00785386	
0.012265073	
0.031421717	
0.0009506714	
0.008452251	
0.011608205	
0.0027492046	
0.0044744676	
0.005310701	
0.010104082	
0.0026037705	
0.0013092525	
0.01906561	
0.00850148	
-0.0034973102	
0.0013679629	
0.014332035	
0.012443026	
-0.00070878107	
0.0007745994	
0.011364931	
0.0123127485	
0.0011979111	
0.0023210377	
0.010277303	
0.008353313	
0.00641603	
-0.004917127	
0.0051890514	
0.0071643326	
0.01007151	
0.010413604	
0.004770011	
0.0040745283	
0.006614864	
0.014020693	
0.009209171	
-0.0026762346	
0.0024581277	
0.010661592	
0.009956455	
0.0042598955	
0.0032441274	
0.007638134	
0.0077675283	
0.0029803796	
0.0025448815	
0.010333028	
0.006779514	
0.0011270413	
0.004067614	
0.01414688	
0.008408683	
0.00054166454	
0.00081676967	
0.013073927	
0.008476031	
-0.0021419118	
0.004448064	
0.010550382	
0.03126452	
0.00030807403	
0.0035145509	
0.00989617	
0.007401129	
0.0013546711	
0.0033676869	
0.01046912	
0.0072054276	
0.0015280606	
0.0045689396	
0.010518556	
0.0078562135	
0.00035325432	
0.0030712162	
0.011588598	
0.006976886	
0.0044100964	
0.00219119	
0.010057891	
0.007729026	
0.0016180634	
0.023806965	
0.008531251	
0.0072771283	
0.006731922	
0.0015447497	
0.016433941	
0.0025611238	
-0.0025078824	
0.00973877	
0.013343115	
0.0021280388	
-0.002208788	
0.011982619	
0.0134755615	
0.0003441646	
-0.00064041454	
0.010223576	
0.012809716	
0.002119247	
-0.0012428976	
0.009776585	
0.014266006	
0.006490653	
-0.0040023634	
0.009456209	
0.011398514	
0.005390807	
0.00029400733	
0.023456478	
0.009831535	
0.0020277845	
0.0017816776	
0.012211466	
0.011528851	
-0.0032948654	
-0.0012358644	
0.017947778	
0.011896086	
-0.0025252271	
-0.0019286473	
0.012867165	
0.013373657	
0.0311615	
-0.0020775392	
0.023404412	
0.011530818	
0.0043656914	
-0.0012632824	
0.009000899	
0.0096384045	
0.008640587	
0.00054822105	
0.005471241	
0.015388978	
0.0021602549	
-0.001561305	
0.008883607	
0.013380927	
0.0045797876	
-0.0026760257	
0.008756093	
0.015028544	
0.0033415502	
-0.0043835575	
0.011456592	
0.013826509	
0.0043428633	
-0.00085332216	
0.012549434	
0.0066961613	
0.00094626064	
0.0034341451	
0.011843492	
0.017368333	
-0.002757743	
-0.0018074119	
0.012100232	
0.009817857	
0.0034119722	
0.005428238	
0.006767683	
0.006428339	
0.0029708727	
0.0045912904	
0.008964632	
0.008496801	
0.0030613816	
0.003782291	
0.008732967	
0.008416044	
0.005090587	
0.0036478247	
0.008466018	
0.030300938	
0.0051144287	
0.0030464807	
0.0059283944	
0.00863433	
0.006210195	
0.003588817	
0.008851094	
0.027853707	
0.0033439046	
0.026708871	
0.011239956	
0.011850554	
0.0011250745	
-0.0017546916	
0.013124345	
0.012829529	
0.0075659268	
0.0015280009	
0.013097289	
0.016003769	
0.00068012613	
-0.0025137234	
0.01175657	
0.009550526	
0.0032005273	
0.004094138	
0.009560152	
0.0075030476	
0.001990323	
0.0051374347	
0.01177293	
0.007022868	
0.00064969796	
0.003237422	
0.013401637	
0.010056968	
0.00385912	
0.008963799	
0.0025738194	
0.0072801984	
0.006399759	
0.0105223125	
0.0056570834	
0.005980636	
0.0058932886	
0.008241861	
0.006027215	
0.0053450326	
0.00553153	
0.006689098	
0.00910052	
0.0028890956	
0.0025933697	
0.005033458	
0.012633342	
0.008001104	
0.00090990186	
0.0041866726	
0.00930158	
0.008120245	
0.004334698	
0.008830414	
0.0066675516	
0.0020324038	
0.00833883	
0.012598688	
0.0034282145	
0.0017808432	
0.0062974226	
0.013635959	
0.005716686	
3.5919245e-05	
0.00875043	
0.010728222	
0.004703136	
0.001140512	
0.011479595	
0.027372112	
0.0023780493	
0.002567263	
0.008974557	
0.008651196	
0.005925146	
0.0020071312	
0.010187279	
0.005499404	
-0.0030817513	
0.032658733	
0.009010911	
-0.0060652564	
0.0025335867	
0.015310468	
0.009961521	
-0.0019682841	
0.0026126814	
0.011111375	
0.0123997	
0.0014037852	
-0.0010537725	
0.011092781	
0.010672469	
0.009755576	
-0.005461452	
0.0030821238	
0.015024492	
-0.0011194566	
0.010151909	
0.010317622	
0.0045236107	
0.002905338	
0.016035171	
0.006869245	
0.0024949631	
0.0060073966	
0.008236586	
0.007114416	
0.0036558714	
0.005076431	
0.008615497	
0.00814206	
0.0012432999	
0.008848353	
0.0061524105	
0.0035929298	
0.0026032045	
0.00719318	
0.010777003	
0.0046281256	
0.0032867442	
0.0030913623	
0.009276846	
0.010409075	
0.0025527792	
0.0017632598	
0.0113464855	
0.029461535	
-0.001000605	
0.023018025	
0.008842363	
0.031361427	
0.002721638	
0.0034012736	
0.008302563	
0.007395498	
0.00252858	
0.0061272574	
0.008069853	
0.0068026697	
0.0037492113	
0.0056127687	
0.0074878195	
0.00701962	
0.0063656075	
0.0024219179	
0.005063885	
0.006481056	
0.007842774	
0.004013494	
0.002194349	
0.007787495	
0.011010476	
0.006594301	
0.008411007	
-0.0023737727	
0.0044875215	
0.013444841	
0.006677565	
-0.0025204886	
0.010133254	
0.011626887	
0.004590575	
-0.00013872235	
0.0056423913	
0.014837789	
0.004560893	
-0.0015368074	
0.0045169652	
0.014179358	
0.009895635	
-0.0019880133	
0.00049705047	
0.012949763	
0.0089735435	
0.028885648	
0.003359938	
0.025312146	
0.0073018335	
-0.0009362023	
0.004941102	
0.014051651	
0.008177284	
-6.540864e-05	
0.00016290693	
0.01318096	
0.010103754	
-0.0008536797	
0.00079373247	
0.011935389	
0.009467474	
0.00095657224	
0.0018908731	
0.010064954	
0.030585377	
0.004255306	
0.023955625	
0.0075355005	
0.0075128516	
0.001533276	
0.009189742	
0.010394445	
0.0024642965	
0.00022879986	
0.01923703	
0.0073240353	
-0.00037821376	
0.0029792471	
0.013627852	
0.009518134	
0.0005265846	
0.0007346941	
0.014379589	
0.0099877445	
0.001336432	
0.00046656272	
0.012083456	
0.016104115	
-0.0039604018	
-0.003819171	
0.014654368	
0.01465994	
0.020896466	
-0.0047411784	
-0.0053063054	
0.013510574	
0.016391397	
-0.0029724077	
-0.0015123101	
0.014880995	
0.011988043	
-0.0016700235	
-0.0022362657	
0.016778776	
0.0106234485	
-0.0033346512	
-0.0010206918	
0.013832438	
0.012131429	
-0.0004520043	
0.0008831393	
0.0098006325	
0.011195765	
0.0030308047	
0.0031433376	
0.007646359	
0.010320631	
0.0009222996	
0.0032566444	
0.009759659	
0.008436784	
0.0012029775	
0.028047152	
0.01015006	
0.030233288	
0.0023820726	
0.0001598969	
0.009734985	
0.011595748	
0.003902095	
-5.1483507e-06	
0.0076656695	
0.009740767	
0.0058995164	
0.0025340635	
0.0062490553	
0.011269068	
0.0024344944	
0.003011314	
0.0132162385	
0.007463055	
-0.0014698716	
0.0049213143	
0.011829964	
0.009668354	
0.0029682203	
0.0011560388	
0.010417776	
0.007902315	
0.0008731854	
0.01091798	
0.0049630366	
0.0030229667	
0.007908514	
0.007352525	
0.0052503534	
0.0034892492	
0.007403752	
0.010168179	
0.007250516	
0.0013265376	
0.0006257071	
0.013170888	
0.010661026	
-0.0014268074	
0.0017614716	
0.009185628	
0.013180035	
0.00016484408	
0.003007559	
0.0090683075	
0.0075904527	
0.026651513	
0.0051405937	
0.008251039	
0.008093337	
0.0022870037	
0.006117662	
0.009170817	
0.0086491695	
0.0015222194	
0.0043885494	
0.012344814	
0.007579874	
-0.0011796274	
0.0068880497	
0.011432514	
0.0072926255	
0.023472503	
0.0077178213	
0.032584812	
0.008654236	
0.0060526063	
0.0033285269	
0.0055815964	
0.009048639	
0.006334704	
0.008625152	
0.0034463934	
-0.0017461979	
0.025807407	
0.01292381	
0.00321063	
-0.0024048863	
0.0044652293	
0.014717535	
0.0059802188	
0.0018280501	
0.004813939	
0.009771103	
0.0069223507	
0.0020133005	
0.008011087	
0.009477815	
0.010954216	
-0.0040917387	
0.0026539278	
0.013188468	
0.009637362	
-0.0041601043	
0.0021980144	
0.01887092	
0.009385972	
-0.0012400367	
0.008140778	
0.011959556	
0.005333052	
-0.0025273135	
0.005546132	
0.015347204	
0.0066800686	
-0.0031413555	
0.0030547658	
0.016688531	
0.007376186	
-0.0039384975	
0.0055710464	
0.01281636	
0.010106494	
-0.001352868	
0.0010460684	
0.010375611	
0.012765705	
0.0031978153	
-0.00032164896	
0.008252856	
0.010385684	
0.0009394955	
0.023966048	
0.010878855	
0.008319282	
-0.00014790146	
0.004350135	
0.011944328	
0.009912708	
-0.00037153804	
0.003070054	
0.011704752	
0.0093768835	
0.0025707202	
0.0027706327	
0.008371432	
0.012648659	
0.002902954	
-9.5002346e-05	
0.028672202	
0.011844446	
0.0055943513	
0.0033570176	
0.006139506	
0.008493525	
0.0036059534	
0.004383602	
0.011305125	
0.0065955827	
0.009298331	
-0.0008477193	
0.010794137	
0.009159554	
0.00080866343	
0.001568234	
0.011665417	
0.011127407	
-0.0004613026	
0.0009280812	
0.012385695	
0.011644023	
-0.0010524016	
0.0028095543	
0.009519088	
0.008884619	
2.3849307e-05	
0.004414984	
0.011424051	
0.007845784	
-0.0015128466	
0.023193257	
0.013096841	
0.03146751	
-0.0011683919	
0.00426073	
0.013508577	
0.008030636	
-0.0013611531	
0.0019688355	
0.010522014	
0.012417966	
0.0012317665	
0.002221141	
0.007143472	
0.028492192	
0.0046251453	
0.027187027	
0.008135087	
0.029673273	
0.004388281	
0.0047357995	
0.011614374	
0.008273092	
0.00017613916	
0.0017799194	
0.011824987	
0.011662079	
0.0034545294	
-0.0026628533	
0.012329556	
0.019333076	
0.0015270176	
-0.006044515	
0.008579855	
0.019155934	
0.007000517	
-0.0033812614	
0.007620938	
0.014549964	
0.0035581207	
-0.0007670743	
0.009519236	
0.021071807	
-0.0010187249	
-0.0049327426	
0.014558604	
0.014632587	
0.009312219	
-0.0083051715	
0.0074880286	
0.017176703	
0.009602616	
-0.0056663365	
-0.0016850439	
0.027218921	
0.012746901	
-0.009629688	
0.0007115378	
0.01940511	
0.011678945	
-0.005607926	
-0.0012735344	
0.016632281	
0.0132295	
-0.003093076	
-0.00028129664	
0.013235994	
0.011391989	
0.0041210186	
-0.0017437544	
0.01057589	
0.009569746	
0.0019123304	
0.0015575647	
0.009828406	
0.030502336	
-0.00030296293	
0.02450679	
0.013424222	
0.030262886	
0.0008528602	
-0.0017338599	
0.009048281	
0.013174105	
0.002206657	
0.0006053223	
0.010800962	
0.008297945	
0.00062385935	
0.002486857	
0.010974003	
0.007973836	
0.0011555919	
0.0034241315	
0.009652917	
0.012418145	
-0.001654616	
0.0047047753	
0.011105266	
0.007903	
-9.95025e-05	
0.00290957	
0.01088845	
0.009179014	
0.0007341278	
0.008979532	
0.0050082454	
0.004427292	
0.0061860853	
0.004523402	
0.0064230934	
0.0088258255	
0.0035588061	
0.0058086826	
0.006263807	
0.006182807	
0.004602556	
0.0046775662	
0.0067735836	
0.0067335907	
0.0037567804	
0.0027640164	
0.010656943	
0.008325748	
0.002781421	
0.0031053096	
0.0074635623	
0.008241086	
0.0043205125	
0.0034765832	
0.009315197	
0.0071984553	
0.0035611012	
0.0062745353	
0.007991538	
0.0058919475	
0.0022521352	
0.0060762386	
0.029588856	
0.0068956777	
0.026082948	
0.0046442486	
0.011519972	
0.0073700463	
0.001251436	
0.027360646	
0.010548565	
0.009480974	
0.0045010513	
0.0015449583	
0.009475521	
0.008366695	
0.02538041	
0.0045570186	
-0.0020095306	
0.026448196	
0.014406256	
-0.00030108538	
0.0009872685	
0.009041845	
0.011884911	
0.0018077546	
-0.000103823826	
0.0114245275	
0.01125104	
0.0017467494	
0.03825487	
0.011295143	
0.009048639	
0.012048891	
-0.0024261647	
0.0025793926	
0.012884833	
0.010504879	
-0.0026593667	
-0.0002307519	
0.016816258	
0.0119382795	
0.0007452143	
0.0064804005	
0.011623432	
0.0074338214	
-0.0019006629	
0.004643146	
0.014154031	
0.008791495	
-0.0014516924	
0.0035952544	
0.015814658	
0.006905751	
-0.0030906321	
0.004865883	
0.013093445	
0.031454112	
0.0008554828	
0.027656537	
0.009217544	
0.009476206	
0.0037809203	
0.005180826	
0.0073055583	
0.0094022425	
0.008233815	
0.027723841	
0.0014330808	
0.008092025	
0.010228551	
0.00096005906	
-0.00035970652	
0.01230831	
0.010029315	
0.0019910976	
0.0013256436	
0.011074483	
0.010193776	
-0.000119082615	
0.0020320162	
0.01374868	
0.011951778	
0.0015774131	
-0.0020641577	
0.010699585	
0.0110676605	
0.002255175	
-0.00040604913	
0.010872508	
0.010470282	
0.0026023698	
0.0015486837	
0.010654381	
0.018072104	
-0.0030533203	
-0.0041754222	
0.014919015	
0.016395388	
0.0006436183	
-0.0049491343	
0.012908225	
0.015250936	
-0.0008607727	
-0.002176959	
0.011577244	
0.012978607	
-0.00051423156	
-0.0004508122	
0.01099194	
0.014300392	
-0.0016802456	
-0.0022000857	
0.012645531	
0.0131620085	
0.031153701	
-0.00077029294	
0.023251012	
0.012357327	
-0.0010369042	
0.0032795325	
0.010841368	
0.009599606	
-0.0016007036	
0.004056111	
0.011542052	
0.010343308	
-0.0005296691	
-0.001090757	
0.01121123	
0.013808034	
0.030382076	
-0.0037298845	
0.007754475	
0.014790772	
0.00714675	
-0.0023332415	
0.007885002	
0.012567759	
0.0043464396	
0.00095985044	
0.008848741	
0.010548505	
0.0024403357	
0.0049006916	
0.008783329	
0.01086923	
0.0014225905	
-0.000486873	
0.011634487	
0.011700281	
0.0028793504	
-0.0026408297	
0.011124069	
0.013833065	
0.0046001123	
-0.0026245872	
0.017331926	
0.0063923686	
-0.00019844619	
0.0017552132	
0.012750836	
0.019540124	
-0.004481665	
-0.005309554	
0.016333861	
0.01356263	
-0.0014788123	
-0.0040457244	
0.0076593217	
0.023090884	
0.00262192	
-0.0037804882	
0.00914519	
0.013961814	
0.0046711597	
-0.003281723	
0.010538343	
0.014840741	
0.0055619567	
-0.0017272438	
0.009048222	
0.011254437	
0.007627555	
0.0003686323	
0.007526948	
0.0099522825	
0.006408015	
0.004394003	
0.006766938	
0.007765144	
0.0056810137	
0.02698473	
0.010671396	
0.008022619	
0.0056220666	
0.0043811286	
0.009287723	
0.006812951	
0.008688625	
0.0022223925	
0.0061593237	
0.007130062	
0.010967388	
0.0022297837	
0.0055036647	
0.0081042135	
0.011417704	
0.0026774115	
0.005278396	
0.0087410435	
0.010666271	
0.0043076975	
0.0058557983	
0.0070805633	
0.00880273	
0.00310528	
0.0070644403	
0.01021553	
0.008736931	
0.0012187131	
0.0040669288	
0.01072861	
0.011097906	
0.0013101465	
