-0.025319066	
-0.025912218	
-0.026538795	
-0.026652861	
-0.025880558	
-0.026184157	
-0.025239838	
-0.026468096	
-0.026749944	
-0.025587646	
-0.025962193	
-0.024254195	
-0.027855558	
-0.02434507	
-0.03099192	
-0.03493646	
-0.023070933	
-0.025093216	
-0.024622422	
-0.025169432	
-0.023877563	
-0.026065864	
-0.02489295	
-0.024641126	
-0.025900126	
-0.02530739	
-0.026835773	
-0.02472101	
-0.026690204	
-0.024469063	
-0.026696756	
-0.025256248	
-0.025727952	
-0.02639534	
-0.025146887	
-0.02452321	
-0.02737861	
-0.027036406	
-0.025269443	
-0.02614476	
-0.02546661	
-0.024343118	
-0.027633319	
-0.025674852	
-0.026560748	
-0.025338363	
-0.027286261	
-0.02456878	
-0.026917787	
-0.025567155	
-0.026445463	
-0.024835825	
-0.025596911	
-0.026087336	
-0.02627663	
-0.02441932	
-0.027238049	
-0.025411956	
-0.026416872	
-0.025159309	
-0.027115265	
-0.025416574	
-0.026600087	
-0.026314216	
-0.02529774	
-0.027545111	
-0.025119279	
-0.026307903	
-0.025245678	
-0.026876573	
-0.027177596	
-0.025730873	
-0.025044998	
-0.025877789	
-0.023624446	
-0.02987376	
-0.027335102	
-0.024786504	
-0.025877729	
-0.027272953	
-0.02585301	
-0.02491931	
-0.027013415	
-0.025372108	
-0.025534246	
-0.02486382	
-0.026897185	
-0.026136536	
-0.025964126	
-0.025272988	
-0.028430052	
-0.024040263	
-0.027791386	
-0.025039127	
-0.02822875	
-0.024349092	
-0.026311265	
-0.025529036	
-0.025986733	
-0.024416493	
-0.026716175	
-0.025861677	
-0.026659679	
-0.02675218	
-0.026934674	
-0.02486841	
-0.024941767	
-0.026724186	
-0.026568819	
-0.026257869	
-0.02567634	
-0.026497846	
-0.024084376	
-0.02699397	
-0.027139658	
-0.025336606	
-0.02597202	
-0.02628375	
-0.026351025	
-0.025070135	
-0.024916956	
-0.027224204	
-0.023905383	
-0.028495088	
-0.024535362	
-0.02617311	
-0.024711685	
-0.026568133	
-0.025746627	
-0.026243126	
-0.02558178	
-0.025200764	
-0.026718346	
-0.025420299	
-0.025136046	
-0.02605559	
-0.02555188	
-0.024368718	
-0.029239794	
-0.026572956	
-0.02421366	
-0.028182387	
-0.02199752	
-0.029988723	
-0.024467396	
-0.027467715	
-0.027700858	
-0.025062302	
-0.02291637	
-0.02799844	
-0.023680503	
-0.028010622	
-0.0243223	
-0.025310995	
-0.024369434	
-0.026894206	
-0.02513158	
-0.028295277	
-0.023760062	
-0.026596066	
-0.023827657	
-0.028126163	
-0.024390014	
-0.025443885	
-0.024269592	
-0.025304649	
-0.025699986	
-0.02851337	
-0.024034802	
-0.026261384	
-0.025566082	
-0.02738314	
-0.024958922	
-0.027015232	
-0.024272963	
-0.026816985	
-0.023625087	
-0.02757712	
-0.024672905	
-0.026779758	
-0.024525626	
-0.027733885	
-0.024923807	
-0.02597196	
-0.024910467	
-0.027063537	
-0.024546176	
-0.025498388	
-0.024489881	
-0.026636867	
-0.025003659	
-0.027564498	
-0.02405809	
-0.02733031	
-0.024221314	
-0.02685966	
-0.025403352	
-0.02681326	
-0.02394181	
-0.027697314	
-0.021945927	
-0.030971674	
-0.024988946	
-0.027100317	
-0.024690717	
-0.028050048	
-0.024185468	
-0.025555301	
-0.024305291	
-0.027756605	
-0.025538744	
-0.027828254	
-0.023976853	
-0.026076496	
-0.024882913	
-0.027395973	
-0.025017478	
-0.02719335	
-0.023086334	
-0.029280886	
-0.0256571	
-0.030077873	
-0.023431972	
-0.027549818	
-0.024737123	
-0.028672092	
-0.024013072	
-0.02643364	
-0.024883242	
-0.02707792	
-0.023984896	
-0.028116185	
-0.024861887	
-0.026684279	
-0.02591746	
-0.026229607	
-0.02667597	
-0.027118454	
-0.02513816	
-0.025620947	
-0.02641404	
-0.026323387	
-0.025380863	
-0.026060386	
-0.026775947	
-0.02461593	
-0.027840493	
-0.025850806	
-0.02742227	
-0.027255263	
-0.0230313	
-0.027173188	
-0.026191039	
-0.026532931	
-0.026002666	
-0.025351409	
-0.025702488	
-0.026003292	
-0.026433134	
-0.025916152	
-0.025704099	
-0.02550926	
-0.025938991	
-0.026786635	
-0.024200093	
-0.0324594	
-0.027754162	
-0.03271849	
-0.025631966	
-0.022072304	
-0.026623312	
-0.023888228	
-0.026345722	
-0.02254996	
-0.02564989	
-0.025945157	
-0.026661199	
-0.025793	
-0.026960436	
-0.023252793	
-0.026611522	
-0.02476253	
-0.027544009	
-0.024692448	
-0.027541924	
-0.023665389	
-0.028270854	
-0.02488089	
-0.027313482	
-0.023375735	
-0.026699439	
-0.024153376	
-0.027819322	
-0.024002573	
-0.027475487	
-0.02577224	
-0.025883835	
-0.026501214	
-0.026562175	
-0.024958417	
-0.026357787	
-0.025304472	
-0.027233852	
-0.024720235	
-0.027112197	
-0.024648096	
-0.02724079	
-0.024511075	
-0.02652084	
-0.024611045	
-0.026636092	
-0.025075734	
-0.027411819	
-0.024448749	
-0.027780548	
-0.023503724	
-0.027964344	
-0.02454567	
-0.027343025	
-0.025102034	
-0.026498474	
-0.025431734	
-0.026970685	
-0.023433656	
-0.02854747	
-0.022806099	
-0.031144092	
-0.026371514	
-0.024932384	
-0.025790585	
-0.026886582	
-0.02594161	
-0.024520827	
-0.025353523	
-0.026695002	
-0.025314001	
-0.026023215	
-0.025392244	
-0.025574245	
-0.025888512	
-0.025991883	
-0.025091847	
-0.02403047	
-0.027212588	
-0.02528943	
-0.027248744	
-0.025199365	
-0.025241688	
-0.025204936	
-0.026043052	
-0.025880411	
-0.025193289	
-0.025158502	
-0.024808811	
-0.028536689	
-0.026367405	
-0.02464056	
-0.02544573	
-0.026455052	
-0.02586945	
-0.027271967	
-0.024954008	
-0.025675118	
-0.025461785	
-0.026684457	
-0.025583537	
-0.025589526	
-0.02555938	
-0.026642138	
-0.02611989	
-0.025411392	
-0.024822393	
-0.027694186	
-0.02263052	
-0.029332189	
-0.0245706	
-0.026772132	
-0.024365682	
-0.026899206	
-0.025411867	
-0.026863322	
-0.023593126	
-0.02765321	
-0.025714608	
-0.026343938	
-0.024662364	
-0.026483554	
-0.023695873	
-0.025852088	
-0.027598416	
-0.027887248	
-0.023716798	
-0.027608512	
-0.02141138	
-0.03052628	
-0.023627365	
-0.027962826	
-0.025964245	
-0.026486771	
-0.022387562	
-0.029253522	
-0.024531417	
-0.028104484	
-0.023902988	
-0.027285248	
-0.023480522	
-0.027182838	
-0.023842165	
-0.027518608	
-0.023999104	
-0.026695626	
-0.024089932	
-0.02750199	
-0.024331609	
-0.027285218	
-0.024257844	
-0.02887386	
-0.023975112	
-0.028303912	
-0.024034683	
-0.02714868	
-0.023712868	
-0.029525263	
-0.024391491	
-0.027700352	
-0.023348494	
-0.030473938	
-0.025656536	
-0.027691806	
-0.02412517	
-0.026775349	
-0.023779584	
-0.026788872	
-0.023118204	
-0.030674467	
-0.02484202	
-0.028337952	
-0.026952665	
-0.028349504	
-0.024186555	
-0.029283445	
-0.025387356	
-0.0288177	
-0.024054369	
-0.027492639	
-0.025039038	
-0.028747605	
-0.025527395	
-0.02714338	
-0.02402016	
-0.026910495	
-0.023025984	
-0.03359351	
-0.024841812	
-0.028421983	
-0.024150576	
-0.027414376	
-0.025005385	
-0.027040934	
-0.025405852	
-0.027506247	
-0.02554786	
-0.026357517	
-0.026593653	
-0.025777156	
-0.027601454	
-0.02719058	
-0.028171996	
-0.025777096	
-0.025284007	
-0.026614742	
-0.02606521	
-0.02764243	
-0.02573394	
-0.026293458	
-0.024535244	
-0.02737236	
-0.027657738	
-0.025701566	
-0.025039097	
-0.0283942	
-0.025713122	
-0.027845468	
-0.02538971	
-0.027110917	
-0.026596544	
-0.026243512	
-0.027531115	
-0.027060261	
-0.026783362	
-0.026305843	
-0.026156638	
-0.027853508	
-0.02569111	
-0.027389808	
-0.02765452	
-0.025959898	
-0.027624771	
-0.026223173	
-0.029370958	
-0.033454783	
-0.023540778	
-0.027574861	
-0.026709383	
-0.024874574	
-0.0271999	
-0.025830554	
-0.026986465	
-0.025143731	
-0.028476683	
-0.02472756	
-0.026383515	
-0.026096003	
-0.026415352	
-0.026329909	
-0.0248864	
-0.030738484	
-0.028762704	
-0.024602914	
-0.036335956	
-0.022385446	
-0.02572426	
-0.025699897	
-0.025124013	
-0.02267888	
-0.027106928	
-0.024695246	
-0.024793206	
-0.026520988	
-0.026155688	
-0.025242135	
-0.025728906	
-0.025531774	
-0.025784867	
-0.026668943	
-0.024604166	
-0.027472654	
-0.026691306	
-0.026159916	
-0.02656176	
-0.02452382	
-0.026595589	
-0.024062874	
-0.028382793	
-0.025331486	
-0.025296934	
-0.025341937	
-0.026930565	
-0.024693279	
-0.027026609	
-0.026789168	
-0.025101347	
-0.026428606	
-0.0267453	
-0.024451818	
-0.027513484	
-0.025875615	
-0.02664741	
-0.025562242	
-0.02589027	
-0.025393939	
-0.026350312	
-0.024782602	
-0.02642417	
-0.025372079	
-0.02643075	
-0.02407215	
-0.028686352	
-0.026139695	
-0.028078668	
-0.02488893	
-0.027087362	
-0.026696548	
-0.02660655	
-0.024346782	
-0.025970085	
-0.023420682	
-0.032839004	
-0.026229188	
-0.025361057	
-0.026294798	
-0.027453242	
-0.023965608	
-0.025997603	
-0.025858909	
-0.025403798	
-0.026703548	
-0.024483435	
-0.026732938	
-0.025761787	
-0.026869128	
-0.025443051	
-0.024630195	
-0.025861172	
-0.02679947	
-0.026056394	
-0.026679814	
-0.02487079	
-0.025214287	
-0.026161911	
-0.02657379	
-0.02726128	
-0.025248658	
-0.025001276	
-0.02545815	
-0.025598072	
-0.027372327	
-0.025891788	
-0.025740314	
-0.02662585	
-0.025831927	
-0.026570098	
-0.025634615	
-0.02620825	
-0.025334284	
-0.02719779	
-0.025382144	
-0.025694834	
-0.025181435	
-0.027507586	
-0.025830435	
-0.028044332	
-0.023903625	
-0.026244763	
-0.0265698	
-0.027386801	
-0.02288767	
-0.028795455	
-0.0253168	
-0.026499307	
-0.02583931	
-0.026333302	
-0.025354505	
-0.027173875	
-0.025096908	
-0.026740713	
-0.024974054	
-0.026748518	
-0.025669757	
-0.024446085	
-0.028702728	
-0.027363306	
-0.025379466	
-0.026207654	
-0.022156961	
-0.029933935	
-0.02800053	
-0.026202563	
-0.02480062	
-0.02823414	
-0.02538837	
-0.024990166	
-0.026288096	
-0.02547516	
-0.026355878	
-0.02421314	
-0.026686482	
-0.026105	
-0.026038107	
-0.026398141	
-0.025200285	
-0.025582345	
-0.024593472	
-0.027273817	
-0.025109	
-0.025461547	
-0.024167748	
-0.027112734	
-0.02468366	
-0.027516937	
-0.024895305	
-0.026446236	
-0.02569689	
-0.026467592	
-0.026206942	
-0.02658463	
-0.025528707	
-0.02632958	
-0.026257092	
-0.02678193	
-0.024794724	
-0.026634188	
-0.025214432	
-0.02778016	
-0.025791837	
-0.026722101	
-0.024535272	
-0.027983492	
-0.024002751	
-0.029242922	
-0.0241757	
-0.025764648	
-0.025812596	
-0.028284645	
-0.024148444	
-0.027634215	
-0.024275403	
-0.02660265	
-0.025494365	
-0.027516553	
-0.025992809	
-0.028445864	
-0.022721475	
-0.031536352	
-0.02559298	
-0.025764914	
-0.02547504	
-0.027680844	
-0.025472803	
-0.02667594	
-0.02421585	
-0.026656615	
-0.025290146	
-0.0298606	
-0.024211455	
-0.026635556	
-0.026340451	
-0.026865197	
-0.026915379	
-0.026293162	
-0.025993673	
-0.026417471	
-0.025398018	
-0.028832829	
-0.0237589	
-0.02704516	
-0.024704361	
-0.0274326	
-0.024796361	
-0.026991826	
-0.024577776	
-0.02721101	
-0.024995763	
-0.028335623	
-0.02374097	
-0.028507387	
-0.025623536	
-0.02812643	
-0.024861231	
-0.02746003	
-0.022542158	
-0.02760923	
-0.027570186	
-0.027747193	
-0.026334736	
-0.029554082	
-0.025010744	
-0.028308855	
-0.024871804	
-0.027160889	
-0.026039446	
-0.035548523	
-0.021977622	
-0.02655321	
-0.02319605	
-0.027299069	
-0.028271096	
-0.026507467	
-0.025284184	
-0.025564985	
-0.025663862	
-0.027419023	
-0.024805713	
-0.027080335	
-0.024212066	
-0.02720717	
-0.023260314	
-0.032136586	
-0.025881333	
-0.026883783	
-0.025640154	
-0.028517006	
-0.025921896	
-0.023774358	
-0.025719943	
-0.024321599	
-0.023595957	
-0.02537032	
-0.025964873	
-0.026217842	
-0.026355848	
-0.024359155	
-0.02598605	
-0.025639588	
-0.026934408	
-0.02430063	
-0.026402425	
-0.025835976	
-0.0250665	
-0.026206553	
-0.024778344	
-0.025099386	
-0.026644193	
-0.026365053	
-0.025326062	
-0.024244903	
-0.026534004	
-0.025546668	
-0.026543831	
-0.026491266	
-0.025458386	
-0.024837881	
-0.02603498	
-0.02564054	
-0.026528254	
-0.02488086	
-0.025727537	
-0.02554321	
-0.02674387	
-0.025217118	
-0.026578793	
-0.024518684	
-0.026664086	
-0.026229814	
-0.025353253	
-0.02534113	
-0.027593175	
-0.026390577	
-0.027233046	
-0.025188167	
-0.02574079	
-0.026027264	
-0.026991528	
-0.026562981	
-0.026291132	
-0.024399174	
-0.027449755	
-0.023819767	
-0.030784365	
-0.02508139	
-0.02652221	
-0.027895346	
-0.0254913	
-0.026424674	
-0.024282148	
-0.027649699	
-0.024504878	
-0.026628142	
-0.024490388	
-0.027707767	
-0.02360248	
-0.028397502	
-0.025231205	
-0.02772897	
-0.0240053	
-0.02673357	
-0.024985814	
-0.027824977	
-0.02387265	
-0.026337028	
-0.0246861	
-0.027299248	
-0.02464756	
-0.026358826	
-0.024945578	
-0.027117828	
-0.025933392	
-0.028368618	
-0.024004912	
-0.026681898	
-0.024590464	
-0.028463345	
-0.025889227	
-0.02611846	
-0.025584133	
-0.026456036	
-0.02656521	
-0.026314095	
-0.025593724	
-0.025521204	
-0.025270605	
-0.027781114	
-0.027120626	
-0.026729038	
-0.025023013	
-0.026419671	
-0.027322654	
-0.026169356	
-0.023230752	
-0.028162584	
-0.026377441	
-0.028289052	
-0.024528498	
-0.026145114	
-0.02524583	
-0.02621013	
-0.025582852	
-0.028539516	
-0.025061468	
-0.027070923	
-0.023326438	
-0.0305571	
-0.026130283	
-0.02530748	
-0.026506247	
-0.023498602	
-0.030411055	
-0.02589655	
-0.025396204	
-0.025664609	
-0.026407074	
-0.03149163	
-0.022721028	
-0.025720032	
-0.026733985	
-0.025316022	
-0.02518087	
-0.025353642	
-0.02573683	
-0.026426192	
-0.025444569	
-0.024993293	
-0.025361864	
-0.025213841	
-0.026015501	
-0.02573537	
-0.02393064	
-0.026690798	
-0.0254664	
-0.026891911	
-0.026145589	
-0.02505411	
-0.026493588	
-0.024753414	
-0.027464677	
-0.025896255	
-0.025676789	
-0.025063045	
-0.026233893	
-0.025994118	
-0.027894007	
-0.024521839	
-0.026747236	
-0.024419485	
-0.026455022	
-0.026429022	
-0.027303448	
-0.024474408	
-0.027098946	
-0.02515326	
-0.027157672	
-0.024114655	
-0.027698299	
-0.022795228	
-0.028963583	
-0.02310638	
-0.027246656	
-0.02489879	
-0.027182989	
-0.024788437	
-0.027139926	
-0.02451255	
-0.026979763	
-0.022924813	
-0.030560791	
-0.025378749	
-0.025809884	
-0.026727727	
-0.026819069	
-0.02405352	
-0.02707074	
-0.024288286	
-0.027016629	
-0.025199424	
-0.026331965	
-0.025580559	
-0.026514081	
-0.025165888	
-0.026785176	
-0.026457017	
-0.025299378	
-0.024984179	
-0.02624518	
-0.02502954	
-0.027318547	
-0.025140751	
-0.026403561	
-0.025056167	
-0.025930803	
-0.025407372	
-0.026589366	
-0.02413102	
-0.027087571	
-0.025017893	
-0.027616551	
-0.024833174	
-0.027097635	
-0.024816556	
-0.028033758	
-0.025431138	
-0.02642015	
-0.025198558	
-0.02719451	
-0.026174657	
-0.02725559	
-0.024908138	
-0.027137304	
-0.025995133	
-0.026997158	
-0.02614684	
-0.026330832	
-0.026725408	
-0.034117218	
-0.022328403	
-0.025283176	
-0.02469224	
-0.024647113	
-0.027745677	
-0.02616209	
-0.02664193	
-0.02697756	
-0.025375118	
-0.026334736	
-0.025552176	
-0.024935631	
-0.025549022	
-0.026319873	
-0.023104114	
-0.029609231	
-0.027221404	
-0.025561765	
-0.026033252	
-0.027698714	
-0.02798543	
-0.023873914	
-0.025938753	
-0.023871668	
-0.023964476	
-0.02453237	
-0.025880262	
-0.025838029	
-0.02636285	
-0.024239007	
-0.026121316	
-0.024565952	
-0.026549459	
-0.023561377	
-0.027431471	
-0.025194211	
-0.026425924	
-0.025186855	
-0.026274275	
-0.023958936	
-0.02673955	
-0.025719466	
-0.026199762	
-0.024166735	
-0.02600073	
-0.025586752	
-0.026094213	
-0.02380514	
-0.02591883	
-0.027108563	
-0.026159648	
-0.024383208	
-0.02969305	
-0.026280086	
-0.025577493	
-0.02531853	
-0.026819812	
-0.024771849	
-0.026598122	
-0.02484476	
-0.028064074	
-0.02412511	
-0.026250362	
-0.024013609	
-0.026713343	
-0.026064523	
-0.027699517	
-0.025313554	
-0.027266221	
-0.024840532	
-0.02693557	
-0.024753474	
-0.027297432	
-0.024087965	
-0.027472714	
-0.022021756	
-0.032063648	
-0.025166066	
-0.026531324	
-0.0241754	
-0.026940098	
-0.025270041	
-0.026663788	
-0.024413858	
-0.027582157	
-0.024758417	
-0.027421853	
-0.02474007	
-0.027215594	
-0.02454567	
-0.027485462	
-0.023768727	
-0.027981887	
-0.025014022	
-0.026646575	
-0.024876568	
-0.025928326	
-0.024796719	
-0.026679575	
-0.0251943	
-0.027492402	
-0.02405961	
-0.026789019	
-0.025190935	
-0.02723394	
-0.024728395	
-0.026423007	
-0.025119517	
