-0.017791348	
-0.01208637	
-0.012096939	
-0.012150487	
-0.012139178	
-0.012146101	
-0.012108004	
-0.012078683	
-0.012122558	
-0.0121566625	
-0.012244262	
-0.012122416	
-0.012118751	
-0.0134511255	
-0.012026898	
-0.012221392	
-0.012587116	
-0.014925788	
-0.012107905	
-0.012149403	
-0.012148796	
-0.015459557	
-0.017618855	
-0.012096055	
-0.012117342	
-0.012106345	
-0.012135009	
-0.012120886	
-0.012105119	
-0.016218262	
-0.015188457	
-0.0122005185	
-0.0121019585	
-0.018091524	
-0.013663914	
-0.0120770205	
-0.012064168	
-0.017373407	
-0.012217192	
-0.019056404	
-0.012271793	
-0.012083117	
-0.019039411	
-0.012220997	
-0.012220583	
-0.0121332165	
-0.019117992	
-0.012269367	
-0.012102984	
-0.012136085	
-0.0121218385	
-0.012185385	
-0.012105226	
-0.012085641	
-0.012212372	
-0.013209223	
-0.012093273	
-0.012153294	
-0.016103443	
-0.012133158	
-0.012108434	
-0.012136529	
-0.0121026	
-0.012211439	
-0.012123335	
-0.01211144	
-0.012205157	
-0.012101462	
-0.012149631	
-0.012068513	
-0.013433539	
-0.012268667	
-0.012109979	
-0.012194418	
-0.012241096	
-0.01232683	
-0.018235696	
-0.01241083	
-0.012083539	
-0.012091084	
-0.016584305	
-0.012116311	
-0.017609155	
-0.012175751	
-0.012155639	
-0.012094937	
-0.012076311	
-0.012152209	
-0.012213565	
-0.012079928	
-0.012117642	
-0.015573889	
-0.012102176	
-0.012151699	
-0.012104847	
-0.013337576	
-0.012137889	
-0.013811378	
-0.012151108	
-0.0121343	
-0.012094904	
-0.012148888	
-0.012123549	
-0.0121176075	
-0.012132329	
-0.012239282	
-0.012094625	
-0.012084476	
-0.012121234	
-0.012227888	
-0.017415622	
-0.012187885	
-0.012171688	
-0.01209051	
-0.012222849	
-0.014232865	
-0.012097993	
-0.012114709	
-0.012145711	
-0.01288978	
-0.012094056	
-0.0121479165	
-0.012166271	
-0.018115262	
-0.012239209	
-0.012111198	
-0.012143873	
-0.012109684	
-0.012135986	
-0.012112696	
-0.012161684	
-0.012110537	
-0.01208141	
-0.013253746	
-0.012112156	
-0.012105874	
-0.012552666	
-0.012123184	
-0.012719167	
-0.016508505	
-0.019047258	
-0.012320053	
-0.017475834	
-0.016183851	
-0.014099315	
-0.012077732	
-0.012151111	
-0.012393484	
-0.012453962	
-0.012086863	
-0.0129367225	
-0.012082244	
-0.013101718	
-0.01215101	
-0.0120904455	
-0.012130962	
-0.012085703	
-0.012161785	
-0.012284582	
-0.012132919	
-0.012119682	
-0.012091119	
-0.012196447	
-0.012116342	
-0.014717124	
-0.012120631	
-0.012082137	
-0.0121334875	
-0.012378663	
-0.012082671	
-0.012094957	
-0.012115143	
-0.012161534	
-0.012136202	
-0.01212987	
-0.01215313	
-0.0121531375	
-0.012093386	
-0.012157338	
-0.0121390745	
-0.0121367555	
-0.012098251	
-0.012287459	
-0.012155778	
-0.012098003	
-0.012123466	
-0.012170123	
-0.012172785	
-0.012093237	
-0.017774072	
-0.0120907165	
-0.012173567	
-0.012115364	
-0.012094707	
-0.012168912	
-0.017263934	
-0.012106802	
-0.012218116	
-0.0120987445	
-0.012238972	
-0.012201321	
-0.018007925	
-0.01740104	
-0.012149962	
-0.012117898	
-0.012087415	
-0.014359331	
-0.012153435	
-0.012090426	
-0.012082272	
-0.012118632	
-0.012176121	
-0.012173544	
-0.012113434	
-0.012100346	
-0.012086937	
-0.012088532	
-0.01214508	
-0.012122027	
-0.012154857	
-0.012115001	
-0.012167091	
-0.014453786	
-0.012108237	
-0.019072201	
-0.012130396	
-0.017097196	
-0.012109321	
-0.012116063	
-0.01215607	
-0.012168664	
-0.012106967	
-0.017439896	
-0.012088536	
-0.012162944	
-0.0121282125	
-0.012096151	
-0.01215635	
-0.013032563	
-0.012107419	
-0.012083964	
-0.012177207	
-0.012167326	
-0.012101068	
-0.012185585	
-0.0121333515	
-0.0120961685	
-0.012230067	
-0.012083263	
-0.014627738	
-0.015346591	
-0.012054272	
-0.012159064	
-0.01213487	
-0.012147365	
-0.019102221	
-0.012095545	
-0.012095627	
-0.012089367	
-0.012124394	
-0.012126605	
-0.012129226	
-0.012097849	
-0.017406449	
-0.012150628	
-0.012266108	
-0.012138021	
-0.012086348	
-0.015465027	
-0.012117318	
-0.017644467	
-0.01210412	
-0.012141511	
-0.012823574	
-0.015536053	
-0.012086549	
-0.012207424	
-0.012108551	
-0.012159694	
-0.012150086	
-0.012077918	
-0.012097179	
-0.012117048	
-0.012137563	
-0.012147401	
-0.012170848	
-0.012106021	
-0.012133489	
-0.01215534	
-0.012130228	
-0.012087831	
-0.012124671	
-0.012108342	
-0.013219279	
-0.012094541	
-0.014401172	
-0.012147467	
-0.0120853335	
-0.012261895	
-0.012148415	
-0.014380366	
-0.012113633	
-0.012140185	
-0.012123998	
-0.012121337	
-0.012122858	
-0.012117762	
-0.012166959	
-0.012122466	
-0.012125923	
-0.012109584	
-0.016316572	
-0.0121441865	
-0.012890636	
-0.012130268	
-0.012146685	
-0.019061612	
-0.012369733	
-0.0120738195	
-0.012520912	
-0.01816172	
-0.012106489	
-0.012292812	
-0.012367425	
-0.01911702	
-0.013031583	
-0.0120408675	
-0.015283289	
-0.01213407	
-0.012081645	
-0.012104971	
-0.01362513	
-0.012200067	
-0.0120778605	
-0.012102135	
-0.01222479	
-0.012105008	
-0.012135743	
-0.012136647	
-0.012131547	
-0.012136416	
-0.012333324	
-0.012105863	
-0.01209086	
-0.012133279	
-0.012086461	
-0.012214527	
-0.017900568	
-0.012137927	
-0.012114421	
-0.012148877	
-0.012115393	
-0.012174303	
-0.012083306	
-0.012076245	
-0.014687889	
-0.012179263	
-0.012090683	
-0.012116723	
-0.012125194	
-0.012134814	
-0.012165709	
-0.012120915	
-0.017425124	
-0.0121382205	
-0.012140705	
-0.012170182	
-0.012101617	
-0.012107688	
-0.012151638	
-0.0122262	
-0.012046223	
-0.012416997	
-0.012148358	
-0.018861447	
-0.012832042	
-0.012118003	
-0.012668633	
-0.012095637	
-0.017235983	
-0.01871524	
-0.012140882	
-0.012102993	
-0.012127685	
-0.012153331	
-0.012098362	
-0.012176285	
-0.01218	
-0.01208561	
-0.016350249	
-0.012333026	
-0.012098953	
-0.015425818	
-0.0121583	
-0.012549319	
-0.017522834	
-0.012084208	
-0.012137783	
-0.012298458	
-0.012101701	
-0.012054747	
-0.012114446	
-0.012153493	
-0.012177982	
-0.012158404	
-0.012144324	
-0.01211465	
-0.012141293	
-0.012112805	
-0.012133212	
-0.019092193	
-0.012109789	
-0.018596089	
-0.012098077	
-0.012171356	
-0.012102902	
-0.012138645	
-0.012175679	
-0.012097495	
-0.012129396	
-0.012159777	
-0.012097035	
-0.012080297	
-0.013131167	
-0.013059817	
-0.012091493	
-0.01207089	
-0.012354177	
-0.012585348	
-0.015584694	
-0.012132253	
-0.012091637	
-0.012147586	
-0.012068673	
-0.012055575	
-0.017229885	
-0.012157667	
-0.012145977	
-0.018579789	
-0.012091099	
-0.012069821	
-0.012170015	
-0.012149167	
-0.0131361	
-0.012119449	
-0.012083537	
-0.012095431	
-0.012177888	
-0.012182154	
-0.019109352	
-0.012239297	
-0.012085012	
-0.0120280925	
-0.017484201	
-0.0120793665	
-0.014847759	
-0.019062193	
-0.012116524	
-0.012075108	
-0.01258425	
-0.012133998	
-0.012237556	
-0.012117162	
-0.018481009	
-0.019099833	
-0.012105922	
-0.018330056	
-0.019090932	
-0.017646791	
-0.0186489	
-0.012125098	
-0.012121432	
-0.012145955	
-0.012126077	
-0.012152662	
-0.012157105	
-0.012093707	
-0.012155352	
-0.016280489	
-0.012085544	
-0.012108568	
-0.012141345	
-0.012124162	
-0.012321379	
-0.012099602	
-0.012152214	
-0.012117294	
-0.012091538	
-0.0121053625	
-0.012133426	
-0.012156578	
-0.012081544	
-0.01212042	
-0.018058894	
-0.012109286	
-0.016255451	
-0.012058646	
-0.012131078	
-0.012322001	
-0.013075452	
-0.017551472	
-0.019391067	
-0.021364555	
-0.012303986	
-0.01210338	
-0.0178424	
-0.012147172	
-0.0121409	
-0.012086612	
-0.015579092	
-0.013353555	
-0.0120891575	
-0.012141467	
-0.012145471	
-0.012290595	
-0.0120834205	
-0.012017834	
-0.012524664	
-0.012077964	
-0.012114225	
-0.012791813	
-0.016840622	
-0.012105251	
-0.016265562	
-0.01213638	
-0.012046161	
-0.013194201	
-0.01208337	
-0.012068713	
-0.012179608	
-0.01215171	
-0.012121154	
-0.017915236	
-0.012110541	
-0.01211153	
-0.012185613	
-0.012174483	
-0.01317798	
-0.012138734	
-0.012165513	
-0.01213127	
-0.012116804	
-0.012407144	
-0.0121028535	
-0.01225958	
-0.012124537	
-0.01207886	
-0.01213584	
-0.019068819	
-0.012063516	
-0.012404907	
-0.018398687	
-0.012073963	
-0.016251717	
-0.012174037	
-0.012096249	
-0.012139607	
-0.012147153	
-0.012148256	
-0.014309244	
-0.012103009	
-0.012161984	
-0.012143479	
-0.012122848	
-0.01631117	
-0.012199238	
-0.012119427	
-0.012097004	
-0.012121212	
-0.012108694	
-0.01699149	
-0.01207446	
-0.012161311	
-0.018491415	
-0.012130992	
-0.012247712	
-0.012112138	
-0.0120264795	
-0.017547227	
-0.012133417	
-0.019037958	
-0.012204092	
-0.017400151	
-0.013726952	
-0.012178894	
-0.012106518	
-0.014504017	
-0.012148077	
-0.012086967	
-0.012162321	
-0.012089784	
-0.012229902	
-0.012128091	
-0.012098022	
-0.019106178	
-0.014627844	
-0.012137226	
-0.017696481	
-0.012102609	
-0.012103599	
-0.01208754	
-0.012128095	
-0.012357007	
-0.012139088	
-0.012111411	
-0.012114333	
-0.0120934965	
-0.013843541	
-0.012086486	
-0.012115071	
-0.012134575	
-0.012132887	
-0.0121267745	
-0.012174919	
-0.012096187	
-0.012108542	
-0.012165205	
-0.012164619	
-0.012083918	
-0.018376645	
-0.012104913	
-0.012133193	
-0.013900753	
-0.012097639	
-0.012085979	
-0.01323558	
-0.012279834	
-0.0120352125	
-0.01776266	
-0.01210802	
-0.012126085	
-0.012163076	
-0.012680932	
-0.0121304	
-0.012109743	
-0.014903482	
-0.012152144	
-0.019052079	
-0.013810392	
-0.01207844	
-0.013463541	
-0.0127966665	
-0.012110565	
-0.0124216555	
-0.017713213	
-0.014002427	
-0.0121356975	
-0.012996526	
-0.012144674	
-0.012123262	
-0.01232966	
-0.012106129	
-0.01211641	
-0.012134933	
-0.012189536	
-0.017659273	
-0.012097245	
-0.012151312	
-0.012117023	
-0.012128887	
-0.012129354	
-0.012166826	
-0.012109031	
-0.012087017	
-0.012255048	
-0.012169489	
-0.012100118	
-0.0120954765	
-0.01214564	
-0.012102803	
-0.01293523	
-0.0120897265	
-0.012131373	
-0.012134781	
-0.012128968	
-0.012132289	
-0.012131573	
-0.019086294	
-0.012107849	
-0.012156051	
-0.012126487	
-0.012113319	
-0.012113503	
-0.019061703	
-0.012138358	
-0.012164526	
-0.013319787	
-0.012137944	
-0.012125846	
-0.013477716	
-0.01563363	
-0.012111322	
-0.012090653	
-0.012269279	
-0.012173027	
-0.012110443	
-0.01216928	
-0.012079056	
-0.012084127	
-0.0122005865	
-0.012070123	
-0.012508191	
-0.012431694	
-0.012383268	
-0.013978973	
-0.012173555	
-0.012089733	
-0.012117199	
-0.012129961	
-0.012150377	
-0.014335845	
-0.012132207	
-0.01207312	
-0.012132792	
-0.018071884	
-0.012082678	
-0.012121573	
-0.012122707	
-0.012133	
-0.012205148	
-0.012087478	
-0.013141143	
-0.012082234	
-0.012139021	
-0.0122518	
-0.012194327	
-0.012142886	
-0.012130951	
-0.012129328	
-0.012132997	
-0.012112683	
-0.0121384505	
-0.012080879	
-0.012161386	
-0.012161228	
-0.012059349	
-0.012107013	
-0.012165316	
-0.012118374	
-0.018463364	
-0.018122068	
-0.018167073	
-0.012105277	
-0.01222136	
-0.012080355	
-0.0121683115	
-0.01748769	
-0.012063818	
-0.012151246	
-0.012899584	
-0.012080245	
-0.01807239	
-0.012944603	
-0.012123209	
-0.012423295	
-0.012039635	
-0.013288419	
-0.012255425	
-0.012155509	
-0.012169998	
-0.012100991	
-0.012122944	
-0.012179667	
-0.015565293	
-0.0121273445	
-0.0132010365	
-0.012175008	
-0.015374451	
-0.015307065	
-0.012132425	
-0.012108485	
-0.012067742	
-0.013378818	
-0.012810486	
-0.012090309	
-0.017438691	
-0.012130677	
-0.01222853	
-0.012133981	
-0.012100582	
-0.012160257	
-0.012174145	
-0.012102702	
-0.012093873	
-0.012135687	
-0.01257717	
-0.012083807	
-0.012211527	
-0.01212937	
-0.012104644	
-0.012183182	
-0.012106688	
-0.012105416	
-0.012121494	
-0.012257058	
-0.012095811	
-0.01211601	
-0.012132698	
-0.012113295	
-0.0172811	
-0.012424624	
-0.0121074235	
-0.012126148	
-0.019079294	
-0.012140167	
-0.019138677	
-0.012135248	
-0.012105382	
-0.012130808	
-0.012121469	
-0.016444452	
-0.012185411	
-0.0120912865	
-0.012138081	
-0.012607182	
-0.012093445	
-0.012108302	
-0.012110471	
-0.012129936	
-0.012193352	
-0.017561326	
-0.012104768	
-0.012095453	
-0.0121383285	
-0.013987016	
-0.012126057	
-0.012171451	
-0.012165292	
-0.012049359	
-0.01302907	
-0.012412474	
-0.012186263	
-0.012125473	
-0.0171308	
-0.012143394	
-0.012103532	
-0.012182755	
-0.012143065	
-0.012095627	
-0.012133165	
-0.012150673	
-0.012089224	
-0.012153211	
-0.012124334	
-0.01243155	
-0.012100052	
-0.012094502	
-0.012113039	
-0.012352428	
-0.012105303	
-0.012105311	
-0.012122888	
-0.012180305	
-0.012138409	
-0.012118233	
-0.012117557	
-0.012094813	
-0.0121515915	
-0.012768707	
-0.012108084	
-0.012118153	
-0.012088498	
-0.012938456	
-0.012136143	
-0.012106901	
-0.012116344	
-0.012116959	
-0.01215497	
-0.012123856	
-0.012150645	
-0.019045476	
-0.012136141	
-0.012128299	
-0.018214267	
-0.012190561	
-0.018173387	
-0.012097673	
-0.013418016	
-0.012175192	
-0.012066249	
-0.012120531	
-0.012137377	
-0.0125781465	
-0.012096656	
-0.019101389	
-0.012114269	
-0.013050581	
-0.0121428715	
-0.012145039	
-0.012218084	
-0.012208633	
-0.014592222	
-0.01378397	
-0.01208618	
-0.012250001	
-0.012183363	
-0.012047628	
-0.017598432	
-0.01907537	
-0.0185612	
-0.012072567	
-0.013033465	
-0.01839293	
-0.013282388	
-0.012109542	
-0.012879108	
-0.012118603	
-0.012127868	
-0.013263698	
-0.012127395	
-0.019120416	
-0.012120369	
-0.012143939	
-0.012130656	
-0.0120976465	
-0.01258272	
-0.012174954	
-0.012080752	
-0.01216063	
-0.012108464	
-0.012248871	
-0.012103422	
-0.012140232	
-0.012125388	
-0.01209058	
-0.012156839	
-0.012153679	
-0.012101279	
-0.012119678	
-0.012082905	
-0.018537348	
-0.012185571	
-0.012115486	
-0.012142816	
-0.012079396	
-0.012088569	
-0.012176489	
-0.012145479	
-0.012099554	
-0.012109349	
-0.013211983	
-0.012101311	
-0.012273543	
-0.012148733	
-0.012102076	
-0.016897203	
-0.012093801	
-0.012130054	
-0.0121043045	
-0.0121467225	
-0.016093062	
-0.0130809415	
-0.012226055	
-0.012141869	
-0.01815421	
-0.015773816	
-0.012114306	
-0.012082747	
-0.017638875	
-0.012131054	
-0.012102176	
-0.012168738	
-0.0190556	
-0.012160994	
-0.012129658	
-0.012109683	
-0.0121383015	
-0.012139032	
-0.012096593	
-0.012147783	
-0.012215776	
-0.012102476	
-0.012138748	
-0.012097451	
-0.015546891	
-0.012165032	
-0.012120771	
-0.014893443	
-0.012138472	
-0.012096863	
-0.0121709285	
-0.012117235	
-0.012095344	
-0.0121245915	
-0.012132547	
-0.012129966	
-0.012131613	
-0.012121954	
-0.012100091	
-0.012161013	
-0.012138593	
-0.012111965	
-0.012116488	
-0.012110731	
-0.012172641	
-0.012127711	
-0.012102407	
-0.012145871	
-0.01207641	
-0.012123657	
-0.018208282	
-0.012228656	
-0.016823707	
-0.013078685	
-0.01879051	
-0.012177481	
-0.012157172	
-0.012095576	
-0.012143604	
-0.012082849	
-0.01214493	
-0.012416773	
-0.01606527	
-0.012188954	
-0.012184025	
-0.012087496	
-0.016609212	
-0.012343433	
-0.012024314	
-0.0127557665	
-0.012152872	
-0.014319313	
-0.01206392	
-0.012185053	
-0.015817862	
-0.01210448	
-0.012345838	
-0.012142524	
-0.016994674	
-0.018493932	
-0.012104342	
-0.01848755	
-0.012144287	
-0.01211754	
-0.012105853	
-0.012192146	
-0.012153115	
-0.012088285	
-0.0122643495	
-0.012124895	
-0.012137811	
-0.012172809	
-0.012144914	
-0.012097319	
-0.012125161	
-0.012158704	
-0.012131574	
-0.012092785	
-0.012101496	
-0.0121885715	
-0.012102515	
-0.012062737	
-0.01210574	
-0.012263699	
-0.012068196	
-0.01207229	
-0.01781804	
-0.012333617	
-0.012108491	
-0.012147284	
-0.012123365	
-0.0121236835	
-0.0120876795	
-0.012138982	
-0.012275241	
-0.01866287	
-0.012108798	
-0.012070342	
-0.012074131	
-0.01282985	
-0.012133942	
-0.012144703	
-0.012130971	
-0.012138759	
-0.012151755	
-0.012150144	
-0.012078718	
-0.012278552	
-0.012171676	
-0.012021087	
-0.017722895	
-0.012149574	
-0.018042743	
-0.012070234	
-0.012101697	
-0.012188532	
-0.012091506	
-0.012131058	
-0.012141243	
-0.012074195	
-0.012415353	
-0.012163077	
-0.012118801	
-0.012108167	
-0.01222981	
-0.012099491	
-0.012523743	
-0.012130279	
-0.012138073	
-0.012145547	
-0.012125194	
-0.012112101	
-0.01621884	
-0.012122305	
-0.012210445	
-0.0120826	
-0.0121349925	
-0.0121415	
-0.012164597	
-0.012083522	
-0.012394622	
