-0.01595736	
-0.014441738	
0.033256277	
0.03193271	
-0.016029093	
-0.015420272	
0.036402788	
-0.013966477	
-0.015478466	
0.03019398	
0.034893166	
-0.015066914	
-0.0150527265	
0.033789467	
0.03809001	
-0.015409352	
0.031996448	
0.04046549	
-0.016341727	
-0.0164501	
0.034551483	
0.03932302	
-0.015126568	
-0.016918391	
0.039168496	
0.032012735	
-0.016799776	
-0.014559065	
0.03478337	
-0.01625923	
-0.015007128	
0.03728915	
-0.014569748	
-0.01682774	
0.031833127	
-0.016780859	
-0.014615211	
0.03375574	
-0.01586461	
-0.01436056	
0.027871223	
0.033366222	
-0.015044965	
-0.014931025	
0.041797735	
0.026235612	
-0.01904606	
-0.013549573	
0.032633375	
0.04243928	
-0.013493171	
-0.019229066	
0.035491228	
0.035413105	
-0.01762181	
-0.014308975	
0.031757094	
0.03283317	
0.034364473	
-0.016496083	
0.03806846	
-0.015128956	
0.034253128	
0.03305606	
-0.015861342	
-0.014647577	
0.032733906	
0.035355132	
-0.015629813	
-0.017214557	
0.040493287	
0.036306184	
-0.016078738	
-0.015421081	
0.03810278	
0.03632409	
-0.015372102	
0.035470348	
0.037117638	
-0.01613495	
-0.015291569	
0.037542347	
0.03529809	
-0.015992897	
0.035101105	
0.039156996	
-0.014887657	
-0.016495027	
0.03632344	
0.038454548	
-0.015597523	
0.032514554	
0.03484327	
-0.015577855	
-0.015446612	
0.033737928	
0.035435047	
-0.014656494	
0.033392042	
0.03633764	
-0.015197525	
0.03280334	
0.04050907	
-0.015928375	
-0.017643165	
0.04108328	
0.035263117	
-0.016948061	
0.035614707	
0.0404356	
-0.014921679	
-0.01731244	
0.034867503	
0.037090898	
-0.015132843	
0.034717645	
0.032238424	
-0.015660115	
0.03584492	
0.036119528	
-0.01592502	
-0.016087437	
0.033019803	
0.037223138	
-0.015468809	
-0.014968466	
0.03068234	
0.036149215	
-0.013354259	
-0.017209567	
0.031129321	
-0.017781325	
-0.014307332	
0.03263469	
0.034213733	
0.0355636	
0.033786513	
0.036795985	
-0.015443504	
-0.016146582	
-0.014537433	
0.03653049	
-0.01702035	
-0.01555627	
0.037565287	
-0.01621849	
0.03253752	
0.03862134	
-0.01644053	
-0.016923217	
-0.015952216	
-0.01574223	
-0.014646405	
0.026208272	
0.027986705	
-0.013860968	
-0.016109431	
0.036030117	
0.031425674	
0.03423791	
-0.01515537	
0.037084796	
0.035090093	
-0.015839454	
-0.016228348	
0.033906385	
0.04016136	
-0.01630967	
0.033768352	
0.038036887	
-0.015342587	
-0.013255146	
0.02379304	
0.03355779	
-0.013511322	
-0.017134562	
0.028766824	
0.025901256	
-0.015530494	
-0.014977587	
0.034601867	
0.036182456	
-0.015910821	
-0.016268263	
0.034455717	
0.036616653	
0.03512813	
-0.015915511	
0.03313801	
0.03463333	
0.03723487	
-0.014463557	
-0.018103253	
0.033193804	
0.033939436	
-0.015041227	
0.035140004	
0.03187074	
-0.014860135	
-0.014932351	
0.03607987	
0.036897503	
-0.016391104	
-0.018408919	
0.03427884	
-0.016003545	
-0.014950743	
0.036060367	
0.035067055	
-0.015825422	
-0.014821113	
0.034795236	
0.03546527	
-0.0153082665	
-0.015499617	
0.036687624	
0.03456942	
-0.014504511	
-0.015866071	
0.034912996	
0.036107183	
-0.016379192	
-0.015001362	
0.033061348	
0.036427524	
-0.0141142495	
-0.016569804	
0.039538585	
0.027937084	
-0.016603544	
-0.013360246	
0.033204988	
0.032358117	
-0.013200289	
-0.016040418	
0.033398625	
0.030934162	
-0.0146679925	
-0.016190458	
0.035606593	
0.03445573	
-0.015291352	
-0.015751576	
0.037445012	
0.0372211	
-0.014887473	
-0.016551172	
0.035404753	
-0.015868418	
0.036376435	
0.03359465	
-0.01638051	
-0.01469364	
0.037206616	
0.035544273	
-0.01599013	
-0.01649213	
0.036843956	
0.04192827	
-0.016522434	
-0.016342126	
-0.015343235	
0.036498412	
0.037807416	
-0.01540725	
-0.015401855	
0.0350477	
0.036272332	
-0.015134403	
-0.01524176	
0.034217898	
-0.01572188	
-0.015013862	
0.033551764	
0.03057302	
-0.015087562	
-0.015938124	
-0.017326914	
0.038453348	
0.035845842	
-0.015913397	
-0.01456582	
0.037808105	
0.03744686	
-0.01629594	
0.0325899	
0.039170034	
-0.015867837	
-0.016032394	
0.035679545	
0.03596111	
-0.017140593	
-0.015980577	
0.04012075	
0.033117924	
-0.015851108	
-0.015680406	
0.03348489	
0.039048944	
-0.018039078	
-0.015798911	
0.03583294	
0.029476883	
-0.015566482	
-0.016891891	
0.036423802	
0.03502199	
-0.01551461	
-0.016595127	
0.034904003	
0.03499273	
-0.016156733	
-0.015534842	
0.033580206	
0.03437416	
-0.01586282	
-0.015911382	
0.034791496	
0.03314766	
-0.015561324	
-0.014698353	
0.03551058	
0.03715363	
-0.016252868	
-0.016138975	
-0.016172865	
0.039142016	
-0.016081335	
-0.016682865	
0.034540713	
0.040567927	
0.03642582	
0.034375537	
-0.01440386	
0.035462644	
0.03506482	
-0.018709986	
-0.018400008	
0.038718745	
-0.015813207	
-0.015527109	
0.03819913	
0.032722987	
-0.01495351	
-0.014660256	
0.03761232	
0.036313448	
-0.015927712	
-0.016719649	
0.03611008	
0.038539484	
-0.016941048	
-0.015902717	
-0.014742366	
-0.022152446	
0.03731059	
0.03831391	
-0.015233954	
-0.016723923	
0.032840665	
0.03634074	
-0.013913168	
0.035268735	
0.034068413	
-0.016665688	
-0.013190554	
0.037361514	
0.032715175	
-0.015932197	
-0.015616025	
0.039471887	
-0.015424652	
-0.016044669	
0.035482608	
0.03464978	
-0.016150484	
-0.014062519	
0.03648646	
0.03140414	
-0.015721621	
-0.015662886	
0.036161125	
-0.019694626	
-0.014837878	
-0.016979396	
0.037485134	
0.033424065	
0.033074535	
-0.016554236	
0.03327774	
-0.016713424	
-0.014559732	
0.0371313	
-0.016257362	
-0.016733522	
0.038823027	
0.03380849	
-0.016802434	
0.037858814	
0.03423825	
0.035713837	
-0.015439825	
0.03214485	
0.058016095	
-0.022781264	
-0.020634802	
0.042075977	
0.032534003	
-0.016547412	
-0.0131427115	
0.037658054	
0.03215569	
-0.016177863	
0.017385771	
0.03196219	
-0.015084388	
-0.0145976795	
0.033240266	
0.024798509	
-0.01803997	
-0.013618481	
0.02761111	
0.04669839	
-0.015508949	
-0.019636592	
0.03870194	
0.04039371	
-0.018527405	
-0.01443572	
0.039512735	
-0.016411427	
-0.01778986	
0.035381984	
0.03569376	
-0.01596222	
-0.016157197	
0.033274435	
0.03878368	
-0.015574448	
-0.018857116	
0.038844515	
-0.01694941	
-0.015020676	
0.032243975	
0.037704058	
-0.014720729	
-0.015990416	
0.03916002	
0.033170518	
-0.017908642	
-0.014947851	
-0.021261027	
-0.016561164	
0.03938616	
0.032377582	
-0.018496828	
-0.014926096	
0.032381047	
0.03393077	
-0.016497437	
-0.016445464	
-0.017271219	
-0.016028328	
0.03539877	
0.036544334	
-0.019000443	
-0.01493023	
0.035523962	
0.037265234	
-0.016353633	
-0.015810562	
0.03730946	
0.03861749	
-0.015708352	
-0.01497782	
0.038681015	
0.038206503	
-0.01619487	
-0.015496159	
0.02503455	
0.035313014	
-0.013175794	
0.032555144	
0.03146161	
-0.013276677	
-0.016545413	
0.029446185	
0.036582056	
-0.0139801325	
-0.015929203	
0.031327575	
0.03466854	
-0.014829266	
-0.015921196	
0.03802693	
0.031359304	
-0.015882298	
0.036371473	
0.036674257	
-0.014679303	
-0.014573419	
0.031943772	
0.034157377	
-0.015189565	
0.038780738	
0.037062548	
-0.01563824	
-0.015546503	
0.03262935	
0.03802622	
0.036090057	
-0.015520351	
-0.01563772	
0.03632277	
0.036313932	
-0.013546182	
-0.015881762	
0.03441759	
-0.016094957	
-0.013705588	
0.03319179	
0.032404896	
-0.015407322	
-0.015513509	
0.03913595	
0.034823492	
-0.015919471	
-0.016013883	
0.043064225	
0.028034797	
-0.016496418	
0.038723636	
0.034536388	
-0.016771961	
0.03363018	
0.03490991	
-0.01449159	
-0.016872179	
0.035449635	
0.03384261	
0.03483149	
0.04008006	
-0.01597109	
-0.016840544	
0.040540885	
0.036096316	
-0.013066702	
0.012422816	
0.018550847	
-0.0101167075	
-0.013028584	
0.020001685	
0.027055733	
-0.015294016	
-0.014896739	
0.030722799	
0.0333502	
-0.016775653	
-0.016132526	
0.031666048	
0.037420325	
-0.016051201	
-0.016590014	
0.033632215	
0.03621049	
0.031912014	
-0.016414315	
-0.014529327	
0.03517297	
0.030626195	
-0.015655149	
-0.015460375	
0.035799026	
0.03564925	
-0.015630424	
-0.016264705	
0.034165803	
0.03633172	
-0.016646277	
0.03488416	
-0.016410543	
0.03611637	
-0.017342072	
-0.01570683	
-0.016673675	
0.03409081	
0.036220215	
-0.0154246995	
-0.015888264	
-0.016950985	
-0.015904503	
0.03290492	
0.037226554	
-0.015465041	
-0.01717467	
-0.01691258	
0.03900406	
0.035257652	
-0.01747196	
-0.014973951	
-0.01715266	
-0.017063424	
-0.019403987	
0.035190187	
0.041829877	
-0.017110746	
-0.018442659	
0.043109447	
0.032290004	
-0.016709557	
-0.014443318	
0.03852535	
0.035996687	
-0.015648758	
-0.016595932	
0.032954395	
0.04041469	
-0.015272843	
-0.016375076	
0.036950037	
0.034417633	
-0.015614492	
0.03285139	
0.036092088	
-0.016347352	
0.032497834	
0.03954297	
-0.013755366	
-0.018164579	
0.03439105	
0.035334907	
-0.014273473	
-0.016155738	
0.034995772	
0.03401051	
-0.015348112	
-0.014991122	
0.033214092	
0.033169553	
-0.014475745	
-0.016699087	
0.03652155	
-0.014860291	
-0.015162364	
0.023899732	
0.039770246	
-0.014675098	
-0.017696738	
0.03579974	
0.036187533	
-0.01566594	
0.03649824	
0.032812465	
-0.017544646	
0.053288996	
0.028420715	
-0.019517876	
-0.015774092	
0.026949868	
0.041426033	
-0.012709784	
-0.018197404	
0.030471962	
0.03419273	
-0.015105203	
0.03444627	
0.036089316	
0.032913502	
-0.016426018	
0.027239565	
0.03472938	
-0.015493752	
-0.015917253	
-0.018319821	
0.035885096	
0.042502474	
0.031128252	
-0.017780052	
-0.014177724	
0.0299037	
0.029218953	
0.03442524	
-0.01518974	
-0.016008493	
0.032518514	
-0.016535714	
-0.0153190745	
0.039122254	
0.03372686	
-0.015824793	
-0.015289367	
0.03410045	
0.03699445	
-0.014613983	
-0.016232109	
0.035165556	
0.03872087	
-0.015192458	
-0.015713556	
0.034503732	
0.036107805	
-0.015863277	
-0.014610587	
0.035985935	
0.03351538	
-0.016281433	
-0.015216714	
0.037022933	
0.035428092	
-0.016296921	
-0.016375603	
0.036853354	
-0.014955429	
-0.016127044	
0.033563036	
0.033140592	
-0.0148810875	
-0.017013239	
0.031511903	
-0.016019464	
-0.015755527	
0.036921702	
0.03529441	
-0.017204154	
-0.016539285	
0.03596816	
0.037109025	
-0.015586259	
-0.016132602	
0.039302763	
0.028563162	
-0.016094677	
-0.015501165	
0.02968619	
0.03924345	
-0.012908779	
-0.017435156	
0.03048035	
0.03721282	
-0.014250829	
-0.016677577	
-0.016542539	
0.037708174	
0.033620533	
-0.015704751	
-0.015480754	
-0.016746141	
-0.017129773	
0.032163814	
0.035250634	
-0.015780307	
0.036363076	
-0.016919259	
-0.015332153	
-0.016391968	
0.03698009	
0.03248531	
-0.015660428	
0.03422539	
0.035560045	
-0.014752129	
-0.014474102	
0.0331306	
0.032747287	
-0.015741793	
-0.014627573	
0.03343331	
0.03473836	
-0.015088366	
0.037472516	
0.036220063	
-0.015369233	
-0.0163192	
-0.016028391	
0.03555917	
0.03847678	
-0.016138079	
-0.015029494	
0.03217773	
0.0387372	
0.040958855	
-0.01739158	
-0.017095247	
-0.015177014	
0.04004972	
-0.015443489	
-0.014999525	
0.03632253	
0.034289382	
-0.018218385	
-0.014784089	
0.03619947	
-0.016083676	
-0.016997073	
0.03223809	
0.04212097	
0.032227892	
-0.016489979	
-0.01474192	
0.03611887	
0.04069126	
-0.018039152	
-0.016324973	
-0.018349292	
0.050384153	
0.03166943	
-0.018637136	
-0.014416442	
0.03769825	
-0.018954042	
-0.012820522	
-0.017853895	
-0.016533772	
0.036811545	
0.032493226	
0.034057125	
-0.016348718	
-0.01654656	
0.039170913	
0.029655762	
-0.017236253	
-0.01625602	
-0.015968626	
0.037088256	
0.032872025	
0.03653707	
0.033080716	
-0.017234987	
-0.013991027	
0.03492542	
0.03398851	
-0.015866436	
-0.016591866	
0.039138768	
0.03528422	
-0.015393361	
-0.015400157	
0.033158623	
0.036332384	
-0.01613733	
-0.015949719	
0.033793125	
0.036120504	
0.036495537	
0.03323032	
0.037985604	
-0.015337468	
0.036839947	
0.035336968	
0.03137957	
-0.015305984	
-0.016068652	
0.036704805	
0.034264028	
-0.01607494	
0.0379049	
0.02767648	
-0.017603263	
-0.014235594	
0.031249233	
0.03471461	
-0.013757785	
-0.016882475	
0.03458226	
0.03461753	
-0.016056772	
-0.015218529	
0.034073837	
0.03608664	
-0.015002164	
-0.015451942	
0.034012046	
0.039649818	
-0.015010693	
-0.015776608	
0.03531332	
0.034241498	
-0.015774893	
-0.014477418	
0.035117175	
0.03594207	
-0.015413072	
-0.015464033	
0.037392877	
0.033002574	
-0.016177379	
-0.014608227	
0.036753632	
0.03556492	
-0.015333323	
-0.015679633	
0.035707697	
0.038498595	
-0.015106499	
-0.015521938	
0.034462508	
0.03721057	
-0.014440291	
-0.015305828	
0.033865754	
0.036309183	
-0.015505616	
0.036943335	
-0.01631431	
-0.01892001	
0.053983066	
0.028416755	
-0.018675102	
-0.014875192	
0.02948103	
0.03532285	
-0.01263371	
0.03473839	
0.037458595	
-0.016292004	
0.033554748	
0.03703108	
-0.020879075	
-0.016109467	
0.04192896	
0.024810122	
0.028878275	
0.041638635	
-0.016792053	
-0.017110506	
0.031626105	
0.042691994	
0.035584107	
-0.016483784	
-0.014769906	
0.031241564	
0.030981718	
-0.015640356	
-0.016357647	
0.03705439	
0.033204284	
-0.016175644	
-0.015859874	
0.037930574	
0.031226587	
-0.015823798	
0.037528846	
0.0353866	
-0.015768394	
-0.014163215	
0.033686303	
0.032842167	
-0.014972513	
-0.014302697	
0.033833023	
0.032153964	
-0.015077913	
0.037666332	
0.03130563	
-0.016353386	
-0.014156944	
0.0363425	
0.028325597	
-0.015773434	
-0.015235143	
0.034282	
-0.016008833	
-0.015578287	
0.036216825	
0.03491063	
-0.01650352	
-0.016588725	
0.037158452	
-0.01664867	
0.032638118	
-0.017224632	
0.036900856	
0.036422342	
-0.016041912	
-0.016456231	
0.036042508	
0.03564218	
0.03464411	
-0.015804557	
-0.016107121	
0.040923465	
0.025044644	
-0.017684303	
-0.013363511	
0.0357575	
0.031475425	
-0.015059702	
-0.015347703	
0.035617426	
0.032812357	
-0.0134533765	
-0.016824998	
0.036634535	
0.035500802	
-0.0150939915	
-0.015682273	
0.038305003	
0.033873416	
-0.016088292	
0.037713222	
0.035376463	
-0.016712558	
-0.014249626	
0.034596037	
-0.015251779	
-0.01680976	
0.038654387	
0.0334197	
-0.01632191	
-0.015183676	
0.03734056	
0.034679852	
-0.014214168	
0.0355285	
0.03213617	
-0.015675679	
-0.01380842	
0.03425409	
0.030525768	
-0.01606174	
0.039455075	
0.037127107	
-0.015708907	
-0.015526276	
-0.016071912	
0.033598587	
0.037673786	
-0.016431544	
-0.017259877	
-0.016568357	
-0.015024166	
0.03319249	
0.03439985	
-0.016457384	
-0.0155036785	
0.039078645	
0.035430092	
-0.01586013	
-0.014864006	
0.038114373	
0.03808358	
-0.015343634	
-0.015699305	
0.04041945	
0.027466753	
-0.016104288	
0.039996386	
0.03387517	
-0.015555255	
-0.014327693	
0.032018855	
0.0428101	
-0.017379956	
-0.016645646	
0.03262838	
0.034146633	
-0.013019285	
-0.016633587	
0.02888793	
0.03675373	
0.032947555	
-0.0166971	
-0.0134679135	
0.038105488	
0.035512436	
-0.016355138	
-0.0148517545	
0.034908265	
0.034323204	
-0.014772222	
-0.0153912315	
0.032476228	
0.03444386	
-0.015341283	
-0.015832493	
0.032485463	
-0.01817041	
-0.015247781	
0.035774775	
0.038167156	
-0.015399952	
-0.01706035	
0.036869697	
-0.01670439	
-0.01678506	
0.03860888	
0.03206554	
-0.017777603	
-0.01617219	
-0.01612974	
0.033091046	
0.03361274	
-0.016117802	
0.036348756	
0.034369327	
-0.015628781	
-0.01622734	
0.034578614	
0.035892732	
-0.015143373	
0.034171037	
0.034375347	
-0.015468211	
0.037356853	
0.036658566	
-0.01631841	
-0.015467035	
0.0357465	
0.037055254	
-0.015235824	
-0.015472402	
